$coord
       -2.78971407908329       -5.90301370504669       -6.86742896985673      O
       -2.94717378759777       -6.40881197647784       -5.05631261929831      H
       -3.12608117691875       -7.32466940088173       -7.89122152996889      H
       -5.60157678897140       -8.43200315768984       -2.48586732941063      O
       -6.09521619954532       -6.67547491579040       -3.03566265215665      H
       -6.02433498719710       -8.23500749886560       -0.84171145485398      H
       -2.38587680626083       -3.64441926874016        6.60900783882127      O
       -0.94626961334845       -4.10787407761212        7.56637052696496      H
       -2.88037528296909       -1.81724254825293        6.98371407470559      H
        1.83800500592147       -4.54461144849043        9.52283248152098      O
        2.77383816035175       -4.14319449212548       11.01901151966135      H
        3.11589508461335       -5.60122584621141        8.65086042555480      H
        0.77258119834545       -2.18241923836650       -8.28996517699704      O
       -0.49030593633311       -3.01127215753184       -7.24389125783082      H
        2.26000817871319       -3.12844696558355       -8.33485997375114      H
       -4.04400542010219        0.00264015044684       -6.01644406652098      O
       -2.59174268014692       -0.50381297862249       -5.05993411291472      H
       -4.05720516957277       -0.94394888639436       -7.71003311174290      H
       -3.46089850225201       -4.79581307850864        0.99859081336683      O
       -3.64834021254045       -4.44289548882821        2.82356288694488      H
       -3.66580464816137       -6.53138654658395        0.87882985528364      H
        0.52913923799609        1.41452342019827        8.28107429676161      O
        1.76146828809820        2.07304413481775        9.48776360849796      H
       -0.97197602216972        2.40366166005000        8.24246622782551      H
        1.53966459571572        2.75658650788638       -6.90807783104963      O
        1.62853150020372        2.92267153614203       -5.05769880546640      H
        1.13997320372450        0.86811923472694       -7.26218756133450      H
       -4.69048045560098        4.22102099058641       -2.72979228818247      O
       -4.49813927600141        3.07560037447240       -4.25671971274563      H
       -4.49872798988631        5.74953168942255       -3.55800272348850      H
       -6.44753820467265       -3.37555208676104       -3.01467329548352      O
       -5.78639082289177       -2.84136945501056       -1.38179246387607      H
       -6.03706631421992       -1.93194768098155       -4.30050993888077      H
       -2.96807226997389        5.13552966113160        7.64936980254010      O
       -2.39473421940450        5.07925347990674        5.93529262963166      H
       -3.26095483305384        6.89540159878536        8.17635911428628      H
        1.19578681329037        7.62490331868765       -7.88356718776879      O
        1.53804357392266        5.71508508668292       -7.62919320789869      H
        2.59761639863513        8.37725209203048       -8.52476540632387      H
       -0.89796048270403        9.74010549364927       -4.05993678860317      O
       -0.17732777760223        8.60905334933379       -5.54978394891422      H
       -0.54370341338103       11.57126629602499       -4.44014980324846      H
       -5.96720629186364        6.48293796318578       13.46833594854694      O
       -4.79375528704581        5.14992629553514       13.08748960221569      H
       -5.93923929033393        7.02025704630958       15.19126619968540      H
       -0.33294498428135        4.89771439461286        3.02250296132059      O
        1.19744398038926        4.30023246505267        4.03798450209194      H
       -0.01091335377087        6.70356414424528        2.84272175109461      H
        2.24075962740776       -6.55877416036801       -4.95821350666552      O
        3.65086535395806       -6.54177693380161       -3.85908636798445      H
        1.12577268373385       -5.07129614463884       -4.41218726686837      H
       -0.29570054785679       -9.38956022622747       -1.17113225699837      O
       -1.89353163569826       -9.11418009368088       -2.04324365174575      H
        0.86031075589679       -9.47091099598667       -2.59225051958573      H
        2.88159094505816       -5.61886282254764        1.21191160491980      O
        1.88888999316840       -6.88631184228501        0.54568051029826      H
        1.93931171061229       -4.03202176773192        1.55855645984584      H
        5.36630613719676       -6.21303612446419        5.65386577206106      O
        6.88029326689245       -7.26822894874269        5.07648514320692      H
        4.42815006038624       -6.02197705472141        4.03601536036799      H
        6.76825530393092       -2.48796818760669       -7.04213705634669      O
        6.95398930462731       -0.71674002074940       -7.11341291635727      H
        5.38208058412810       -2.89079314433966       -5.85599661148411      H
       -0.34102581635171       -2.20230302635703       -3.15090212201168      O
       -0.72346717706393       -2.22577200926105       -1.42619804670340      H
        1.05796220733973       -0.89402022307374       -3.24433001371860      H
        0.75215044542395       -0.74803618006509        2.68075432838979      O
        0.62652878059324        0.68758926782556        3.81805549398637      H
       -1.15156200609522       -0.83422280056428        2.36295157485898      H
        4.97760113375432       -0.78905123032864        6.69949222832646      O
        3.25768939013420       -1.32361786236018        7.18743810874109      H
        5.33572911170143       -2.27519280306202        5.65583832004148      H
        7.07748563954005        2.50482094908361       -5.40794776081402      O
        5.78671408106828        2.81108307647172       -6.64782544631206      H
        7.99356995258745        3.98702514211953       -5.38957114606100      H
        0.18011542750741        2.99360486326417       -1.89663084378335      O
       -1.67899870073787        3.09185182967821       -2.33043151820917      H
        0.29935152323476        3.00138338358847       -0.11455613686986      H
       -4.18974260090690        1.10270877029740        1.41042069688238      O
       -3.38533267280150        2.63330168034765        2.15727522596534      H
       -4.94592107994851        1.80318236550352       -0.08614047189181      H
        4.27934805829215        3.91940151165878        5.44239723432341      O
        4.76572213524968        2.14094818915138        5.44650503547688      H
        5.57896178456023        4.90184721352208        5.99913519209773      H
        4.56193301143730        7.83760906334977       -3.79557355607178      O
        4.88926827933223        8.27215077956276       -2.04397229425046      H
        3.29709417655073        6.61471526816971       -3.73384181522172      H
       -0.02239782850530        9.79018370490373        1.20806916612017      O
        0.13137406981088        9.78813505936054       -0.62139290773784      H
       -1.70193978865020        9.88738504752219        1.57423173398657      H
$end
