$coord
       -3.07802229033060       -5.10866051020455       -5.49627313979848      O
       -4.04470089674061       -3.84239552773647       -4.55180604223965      H
       -1.66346022480940       -4.28617498030302       -6.21883011196225      H
       -5.83234373182403       -1.87276460110887       -2.67905086653910      O
       -5.18458277361568       -1.42666024586529       -0.93415756626430      H
       -7.64344632979352       -2.26650155541084       -2.47389690425889      H
       -0.61351973155520       -2.49618336643073        3.35054301929562      O
        0.62896326141992       -3.21239298469032        2.31984879306073      H
        0.07816163238319       -2.33677113177890        4.95951516313972      H
        1.07981532977446       -9.74449106715977        2.90480606121212      O
       -0.27115800379282      -10.15813223769234        4.06438777723735      H
        0.06916855448873       -9.46059285787623        1.45189795908525      H
        2.94205428177272       -3.33382400632472       -9.26718084187019      O
        1.63761386257638       -4.44628638548269       -9.83473620557998      H
        4.42958379896676       -3.43459448137647      -10.28403025566079      H
       -2.35682568156542        2.13660042892685       -2.68825083523061      O
       -3.41160410430250        0.82562046367824       -3.19099876499574      H
       -0.96173977778783        2.01385582364369       -3.75171591631582      H
       -5.00674381721591       -5.55601629116288        3.37233602255508      O
       -4.19672330993123       -4.00199400778381        3.55608478031061      H
       -3.78920287693703       -6.50421375390303        2.40575984641974      H
        1.03134732321702        4.41227924855618        8.50564998431830      O
       -0.43913693949723        4.71488446714997        9.50101880597755      H
        1.08522886541392        5.48430378135436        7.04660888288952      H
        1.66642307607577        0.90827587292326       -5.74241571283931      O
        2.40503717957456        2.59599640011419       -5.11556685428109      H
        3.19378589451522       -0.16968220040605       -6.29162176954321      H
       -5.33946642306899        6.09874840786844       -2.24755854501312      O
       -4.51316316220090        4.32895267925039       -2.43382531667731      H
       -6.79804257895840        5.99406439174846       -3.22826219708373      H
       -9.66575483217877       -3.76213463176243        0.51667422815096      O
       -8.34287676021896       -4.34110829804579        1.63863181324149      H
      -10.14823073070244       -5.40850587216430       -0.30366700060482      H
      -15.55784603272251        1.01579513790166        7.39048406556950      O
      -14.04154854211910        0.50019099539560        8.18925960536318      H
      -16.40143593792345       -0.43845923967652        6.98671178399088      H
       -1.70819365629763        4.39511483390856       -7.52235570010309      O
       -0.27533846447050        3.32804509123725       -7.56121229529908      H
       -1.17058647918624        5.98382466401426       -7.01615864088059      H
       -6.48840968909437        1.99844376892476       -8.63569302102455      O
       -4.87413724571827        3.00646071990612       -8.55912999023275      H
       -6.93033186867094        1.88582966031765       -6.77567489719643      H
        1.10710093295942       -0.40444873120379        7.66606491637645      O
        2.61532550317154       -0.24401752216370        8.61636309390160      H
        0.20786482409268        1.15442638504733        7.38068990451229      H
        0.83893976254825        6.55243680067977        3.79035010774837      O
        0.61907666749456        4.97670415056701        2.78650744291709      H
        2.25912955482368        7.50322696767117        3.42163155458419      H
        1.36925137722379       -2.93046764063809       -1.41803205023807      O
        0.41080576281179       -2.66320940318228       -2.90921860113546      H
        2.87201361572483       -1.98380799928757       -1.69571294153749      H
       -1.71719725545406       -7.53259148484775       -0.67409140741628      O
       -2.74406665227614       -7.12329186732094       -2.09960605708002      H
       -0.42852897896342       -6.30387193073417       -0.67353506892802      H
        5.70448858384737       -0.49691023738131       -1.93158081559442      O
        7.17699669142299       -1.49450730229209       -1.49493361366646      H
        5.68503878567955        0.45481432582651       -0.34834759452928      H
        4.51155380764880       -5.68237563202114        3.11912046954601      O
        5.80923400473169       -6.13389738502351        1.84753607201446      H
        3.35714859629917       -7.04791847547514        2.87944302272219      H
        9.86917197341080       -3.36235768854649       -0.77254579346134      O
       11.23599342520563       -2.16945628519428       -0.38737047161244      H
        9.56131722835993       -4.22544146090328        0.79667761845315      H
       -5.40559672707741        0.89361693272863        2.14332209155398      O
       -7.10365035884072        0.53841649107596        2.59922851530071      H
       -4.92914351129801        2.53189408041526        2.77198964371246      H
        0.27325274677198        2.21558396773378        1.39491555587476      O
        0.20368237720049        0.52611590177063        2.10023309408111      H
       -1.21124252092837        2.31496317751351        0.22659246341130      H
        5.05712392695989        0.17952803699764        3.34168949879141      O
        4.16853119691821        1.01127864604002        4.60492224797888      H
        4.13580255816171       -1.32813837043140        2.84293859925674      H
       14.25549915326597       -0.95013913950143        1.54003792283492      O
       13.58914304757780       -0.93267075917891        3.16380484764695      H
       14.83961462143486        0.79777434546191        1.37585547949631      H
        2.33931760987497        4.95852357180302       -2.60042745519403      O
        1.15161880550524        6.22799789336651       -3.17710492154865      H
        1.69775328409902        3.87765132928811       -1.35833818441659      H
       -4.64434061905666        5.52707886804755        3.39423928782541      O
       -2.97477285850525        5.12132380740665        4.20161024797052      H
       -4.41472988545273        6.24320723031527        1.85758118727428      H
       10.19945079812884        1.87509917110066        2.55373800937616      O
        8.64699101108429        1.02980334412389        2.89278144182878      H
        9.75854945994009        3.42462743126625        1.94779259477306      H
        7.18480644773953        5.50257785634807       -0.54212405077027      O
        7.69855199183606        5.90607197185082       -2.25385437959678      H
        5.37520703673820        5.50329129513813       -0.94846999745152      H
       -1.46359209234008        8.27216616524967       -4.27990625479181      O
       -1.93782070379994        9.94019479365830       -4.68739676878976      H
       -2.90020763408621        7.84366246860960       -3.07994292296896      H
$end
