$coord
       18.66794305023892      -51.05492004294015        2.27912535997327      O
       17.30619953459493      -51.75001350891036        3.24855670448671      H
       17.97563547939489      -50.54543176204348        0.68767163962085      H
      -70.45455779472823      102.08239875849306      -27.23685659228439      O
      -70.21606193217579      103.76990706171473      -26.59255467630504      H
      -70.36998489761132      100.94080229626671      -25.81613711208563      H
       51.94747133217329      -51.07667449602631       27.40727809933113      O
       51.24999649311511      -51.73870143777579       25.87126797880752      H
       50.51118834093086      -50.79875731502760       28.47991418963893      H
$end
