$coord
       10.55818631937003      -41.96056807916803       -0.50495035988178      O
       11.58814069780530      -41.92138867641228        1.01747681902274      H
        8.84782958387375      -41.93285114470131        0.07481868143537      H
      -62.59279067397191       89.90215319416026      -24.34604517071315      O
      -63.12281357447905       89.54288450075566      -26.04095476460646      H
      -63.04460737665173       91.62548832032680      -23.94571460756499      H
       52.07381306802537      -48.05276599861410       27.18912510962270      O
       53.47371948242338      -48.56479979352469       28.23556955036859      H
       50.66099780322973      -47.87980310793645       28.32013335118168      H
$end
