$coord
       31.38126671795990      -65.20863942352665        6.79798817846418      O
       29.85503159399159      -64.34436411293352        6.28983411668679      H
       31.80075292617233      -66.38810500177627        5.47587070948839      H
      -79.18943544790464      116.72072574448300      -29.82014486692893      O
      -79.16280389907314      116.11980165400070      -31.53662786812984      H
      -78.97514394164989      118.52747523808857      -29.87901750049540      H
       47.68657207906838      -51.58763466886941       25.71906515632524      O
       49.00557906233944      -50.39573756836199       26.05201261500684      H
       48.45264101115682      -53.21963947764527       25.51900823809970      H
$end
