$coord
        8.76556571802970      -17.69211330137108        5.33838918970487      O
        9.92986032289841      -17.02037585507010        4.02953625868754      H
        9.51207391473232      -19.21235893989454        5.92838068679005      H
      -25.67238178902358       37.16000995008773      -10.28585592339656      O
      -26.29882829341489       35.87373390304236       -9.17580817918634      H
      -25.52830335444918       36.45063286690009      -11.95916052433965      H
       16.78516752052495      -19.37765641101668        7.63335388017060      O
       17.67787244221740      -20.36327464132943        6.37869162047345      H
       15.68421208356021      -18.08144531459898        6.89577503175977      H
$end
