$coord
        4.84096250741996      -27.76893363970498        0.24732332762423      O
        4.41881357468150      -26.05304723249815        0.06105392110416      H
        5.27498685733584      -28.00047127922278        1.94798505237166      H
      -41.79129565832022       60.39282792356725      -16.43737644825644      O
      -42.16936337154039       58.71217466667314      -15.89073910453117      H
      -41.79220190223271       60.45008324403263      -18.23812907327259      H
       36.84829494272800      -32.67758467875879       18.57504295742094      O
       38.58377803128514      -33.03357593329689       18.82030253373302      H
       36.34712011898796      -32.12544697533841       20.21111946185327      H
$end
