$coord
       27.01637487143323      -60.82631756282039        5.14499262329236      O
       25.53865097197580      -59.80444075661216        5.43399392063157      H
       27.90380170927515      -60.09310506062950        3.74894044218549      H
      -76.23192107783282      111.91573406377427      -29.09799263886580      O
      -76.50741076532988      113.39156749263496      -28.06189539433715      H
      -76.65039082567959      110.44982826549250      -28.09528918349941      H
       49.14420301390135      -51.31155086774140       26.43304395188730      O
       49.38247587169398      -50.49814711733057       24.82773265344911      H
       50.50490436178158      -50.80098302059508       27.53730132522890      H
$end
