$coord
       40.48567972102031      -71.89464908109899       11.08458971445089      O
       40.47243242265895      -72.51876208267332       12.79843544783188      H
       39.82268386042445      -70.19613951948422       11.15198832108513      H
      -82.75274769288728      123.31790047934120      -31.04242003932893      O
      -83.09452227188501      124.76708493608929      -29.98603463771978      H
      -83.13535925525518      121.82114590819869      -30.08170970509286      H
       42.35233676054468      -51.48391421214132       22.15889934251227      O
       43.02504284680724      -52.51931865202888       23.49576485643772      H
       40.57605521880114      -51.29273954488001       22.47577216759377      H
$end
