$coord
       23.21836305605209      -56.11368746777770        4.06835029058853      O
       22.53256435340070      -54.55984721971912        4.67714235387491      H
       24.38656554397751      -55.73086740393324        2.74006340100117      H
      -74.28389760432535      108.24085899246531      -28.32538039739406      O
      -74.21726715214005      106.62211113319773      -29.17492985741736      H
      -73.99694303042565      109.53189218912695      -29.58317034891977      H
       51.04917525515096      -52.19050462133308       26.95419778136732      O
       51.32613791007316      -53.73179210625577       26.04512394876030      H
       49.26126402863672      -52.02750261227028       27.21270366038554      H
$end
