$coord
       46.15404155481290      -77.45442544196541       13.56013560660986      O
       46.76378031478058      -79.16553760315564       13.44565382456950      H
       45.09414672770004      -77.33258841847933       15.03260551424653      H
      -86.22853334067065      129.04815207506712      -31.99366128465767      O
      -86.73675328121944      129.41008910954397      -33.70526076738444      H
      -86.30399880147839      130.61110280213180      -31.05713747054320      H
       39.99108471032817      -51.69694541067547       20.98016221540031      O
       40.04841365567464      -50.15813822179373       20.02438979226918      H
       41.49945765777572      -52.62278652843361       20.58509088180281      H
$end
