$coord
        7.63817908568745      -37.89668821503318       -1.08207945564452      O
        7.95052377300758      -36.58582202614235       -2.23879421554389      H
        8.08720657483138      -37.31554957104385        0.58069751139854      H
      -57.44474077733548       82.37090841348940      -22.39721473432751      O
      -57.29825854556778       82.60986260882461      -24.21032477158074      H
      -58.33203336512661       83.85564629886822      -21.80400035622260      H
       49.66784142861771      -44.65698551825209       25.97137213368429      O
       50.57368515783232      -46.02525374554587       25.19832134390176      H
       50.26890076251375      -44.52404508613358       27.67234729452300      H
$end
