$coord
        7.41939819930007      -14.97283197932806        6.09246271805657      O
        6.33265923210393      -15.00517066668511        7.65019222692282      H
        6.63746472031072      -13.81723935922683        4.84667783085014      H
      -20.18820767201185       29.43611587822495       -8.23426228931778      O
      -21.18920937520775       29.51118054156765       -6.71659602943834      H
      -20.29790312813495       27.77618751220733       -8.89354554703042      H
       12.99323317097605      -14.51026375632476        4.56621111934559      O
       12.31629581739615      -13.45231937797409        5.89046575068778      H
       11.64062981001697      -15.17028676572803        3.50367463760623      H
$end
