$coord
        7.46276375683322      -20.53835998202056        3.72935659297888      O
        7.60583344843507      -21.39834604653914        5.31733782119447      H
        7.27867176411381      -21.85049123590442        2.46448175042429      H
      -30.78737701660148       44.50941030598624      -12.39901155889995      O
      -31.77210400976780       45.21046419568997      -11.02950910525787      H
      -31.15026615434995       42.72148690771058      -12.46113156941261      H
       23.45849068068087      -23.81507194334955       11.07587920548654      O
       22.38510587109305      -24.20764170648516        9.69060065308614      H
       22.54138271231063      -23.88033126262669       12.59007543296414      H
$end
