$coord
       35.78539643567640      -67.92754166689615        9.21624521454797      O
       36.17679463241156      -66.77958839879281        7.86197845887652      H
       37.29966144849423      -68.88438698677456        9.56882809427742      H
      -80.53596674697552      119.46910416451392      -30.36920530850364      O
      -80.78653846996134      120.69893088281148      -29.04675454774306      H
      -80.91826530131290      117.83649282833115      -29.67025985124759      H
       44.58475176409205      -51.61564032380284       23.70839114148036      O
       45.62684981172286      -50.16808068797574       23.36120605707546      H
       44.28507865730536      -52.42746437880159       22.10963663440769      H
$end
