$coord
        6.21779612961931      -12.94608698719370        6.59509100927886      O
        4.92794947945839      -13.53492830703720        7.83863620534160      H
        6.68977855721957      -11.27828520675887        6.97814795001065      H
      -15.37814818428615       22.43276800756517       -6.25668533666042      O
      -15.81828397343333       22.00787480662124       -8.01729932914682      H
      -14.41043294879247       23.97576048023452       -6.40205570180261      H
        9.13277301778851       -9.63552765018992        2.31008197047062      O
        9.95588970334529      -10.89163574449278        1.23789398669276      H
        8.12693005918188       -8.80662640503618        1.06046158163013      H
$end
