$coord
        6.13294301390397      -24.32347161028128        2.00435810220144      O
        5.25425332579791      -22.69887897269644        2.32539266895094      H
        7.93190285910055      -24.04086431064748        2.34611673414055      H
      -36.20404813879328       52.40485466155769      -14.43436204551726      O
      -36.90302057269715       52.38202453276431      -12.75781946847297      H
      -36.70759801455622       50.83776893862510      -15.16503117923233      H
       29.92980028465541      -28.20901899981037       14.89770761889841      O
       31.06968979335630      -28.79716364021916       13.55789803373951      H
       30.64614866371381      -26.55008520279779       15.28166380278223      H
$end
