$coord
        4.60234461718102      -30.77911613033940       -0.81860318738183      O
        3.30996901283949      -30.38114835912235        0.42113799245764      H
        3.82566317580227      -31.86920500436939       -2.07865443620076      H
      -46.93677119392259       67.64444404642435      -18.35803885669496      O
      -46.58555467588805       65.94411618990441      -18.90675901980447      H
      -47.59738268207353       68.46691592687624      -19.84962444519355      H
       42.33041040574949      -36.79750684746684       21.70454957552087      O
       44.17540036524066      -36.89646411583264       21.60309291543710      H
       41.96674384866856      -37.25860925429930       23.43580171754022      H
$end
