$coord
        5.94555174478912       -8.16941555651512        4.53915954400149      O
        6.12386124359339       -6.38731456395199        4.38920759143316      H
        7.19192228702694       -8.91003083586727        3.47458159294070      H
       -8.64148528147491       13.09601578755517       -3.75360786335591      O
       -8.04403882715876       13.16836713186639       -5.46402824084052      H
       -7.31572319950704       13.05140354324706       -2.48716127061655      H
        2.57377715353706       -5.03924859303761        1.83227319070262      O
        1.46924182931124       -6.44273292495428        1.77513409259411      H
        1.55974880295319       -3.58668347107808        1.49863702826643      H
$end
