$coord
       14.21465161602460      -46.59117139722011        0.60657174865123      O
       12.63972835302447      -46.34765602885933        1.48523152086614      H
       13.86150500526547      -47.69521688379945       -0.82771262451697      H
      -67.08258714502190       96.84803294230582      -25.94234215733252      O
      -67.22376625837653       95.27405413862813      -25.05969844044883      H
      -66.63373405647343       96.44363713465404      -27.66058426130214      H
       52.92946188327881      -50.05861171363789       27.83818569201155      O
       53.81213781504648      -51.64478782476793       28.03424042298727      H
       51.59032678476469      -50.11120774243318       29.06137890655063      H
$end
