$coord
        5.82008681135769      -33.71718412963211       -1.02662918393983      O
        7.17822607503175      -32.59310862154604       -1.47933702693000      H
        5.71127391690171      -33.72276062608682        0.82332981747696      H
      -52.34238353215645       74.82175168778210      -20.47752415949271      O
      -52.43523789582623       74.62546015100997      -22.28805772423995      H
      -52.16582273026892       76.60391926828757      -20.08424229305144      H
       46.36321708119475      -41.22685336220353       23.92903634488783      O
       47.76325007898572      -42.35176829833566       23.79465471404829      H
       45.52407282238728      -41.51453965622869       25.50697840891758      H
$end
