   -0.61019072
    0.27736973
    0.32753762
   -0.62294001
    0.32630897
    0.33145598
   -0.63769981
    0.34254892
    0.27665978
   -0.67567316
    0.33418954
    0.32877466
   -0.67302723
    0.33813120
    0.31702524
   -0.63568661
    0.32161131
    0.31443781
   -0.63120634
    0.33775305
    0.27745247
   -0.65445786
    0.32092096
    0.32884577
   -0.60634489
    0.28545613
    0.33610555
   -0.62914246
    0.32021444
    0.31189586
   -0.62873975
    0.32441056
    0.31879741
   -0.62796335
    0.32699050
    0.30818880
   -0.66107506
    0.33044020
    0.33054926
   -0.67482813
    0.33461246
    0.32764295
   -0.65691163
    0.32685502
    0.32678769
   -0.62660489
    0.32876885
    0.31606171
   -0.63308351
    0.34272791
    0.28185841
   -0.62767960
    0.31429240
    0.31110368
   -0.62601023
    0.27942578
    0.33726246
   -0.61943769
    0.31032156
    0.32691028
