           1           2  0.91886218058681646     
           1           3  0.83764904724794575     
           4           5  0.85880112850084844     
           4           6  0.86299455143112258     
           4           8  0.10002393242070348     
           7           8  0.78042877956556433     
           7           9  0.91495784542464198     
          10          11  0.80379650369653410     
          10          12  0.81382290320993944     
          13          14  0.80172098678373704     
          13          15  0.83932555951868126     
          16          17  0.85386351750944245     
          16          18  0.87323333064005337     
          19          20  0.79709744331025767     
          19          21  0.91576344786192054     
          22          23  0.85382216259311539     
          22          24  0.83092210123762600     
          25          26  0.91442270378437795     
          25          27  0.84600955127621369     
          28          29  0.85763883568796639     
          28          30  0.86961849018699533     
          31          32  0.84774300121071411     
          31          33  0.86438856590824942     
          34          35  0.84347909244057251     
          34          36  0.89334365041856933     
          37          38  0.81346739331505669     
          37          39  0.83380218367845615     
          40          41  0.81134048734770881     
          40          42  0.80781216373140374     
          43          44  0.83063745808660949     
          43          45  0.82874443824196109     
          46          47  0.84808139463258325     
          46          48  0.86196279362691364     
          49          50  0.77878243383198309     
          49          51  0.91530343664494684     
          52          53  0.86602804371593300     
          52          54  0.87005283068797423     
          55          56  0.91451632481275980     
          55          57  0.81364935287698326     
          58          59  0.88680283067198307     
          58          60  0.85530227258359093     
