   -0.62455407
    0.32305875
    0.32017966
   -0.64481927
    0.31791199
    0.33156411
   -0.65906371
    0.32746918
    0.31919516
   -0.62869804
    0.30903640
    0.31348238
   -0.64166777
    0.33851223
    0.30542843
   -0.65787801
    0.32986159
    0.32991938
   -0.66703905
    0.32642180
    0.32859180
   -0.65542964
    0.33704402
    0.31195575
   -0.65496696
    0.32239515
    0.33151812
   -0.65048778
    0.33093603
    0.33292919
   -0.62756119
    0.31714734
    0.32648265
   -0.62683023
    0.28414619
    0.34181113
   -0.63709848
    0.34256171
    0.27911513
   -0.62979791
    0.32317755
    0.31383207
   -0.62764249
    0.29878325
    0.33850107
   -0.62476359
    0.32183184
    0.31232206
   -0.62583290
    0.33544990
    0.27919382
   -0.64418707
    0.30997511
    0.31845052
   -0.66226403
    0.33459560
    0.32871682
   -0.62596535
    0.27920840
    0.34097734
   -0.65201582
    0.32727855
    0.33672768
   -0.63987323
    0.32674298
    0.32549253
   -0.66427695
    0.32204062
    0.32930901
   -0.65313318
    0.34013169
    0.31885846
   -0.63650331
    0.31151760
    0.31889378
   -0.69575190
    0.34023128
    0.33397584
   -0.66886919
    0.32994803
    0.33683393
   -0.60792746
    0.33799729
    0.29275455
   -0.62784012
    0.31650257
    0.30690715
   -0.63121897
    0.28999115
    0.33813235
