$coord
       -1.79802786200997       -6.90630303338403       -5.27528766505672      O
       -1.83468093080335       -5.68959261894532       -6.75868235558131      H
       -0.77556882269083       -8.27712510405295       -5.86316801984800      H
       -2.69156051744141       -8.95782619802909       -0.00091840515663      O
       -2.49547861452762       -7.51403751490600        1.14970028864188      H
       -2.67417559882031       -8.15170208488903       -1.66327063467684      H
       -1.60586297898202       -4.72649826136354        2.78946691420392      O
        0.15955784673712       -4.61135107764069        3.19227292615354      H
       -2.67494031384546       -4.83475946336585        4.29211960030420      H
       -4.73483960821484       -6.02176892179332        6.68297171259976      O
       -5.90513013167764       -7.35058730912976        6.15009963492214      H
       -5.50137926603498       -4.23882829487940        6.50601970841433      H
       -5.34993980818302       -1.24442761754958       -5.04976890919099      O
       -5.13918990992470        0.47168674884662       -5.85518996119374      H
       -6.51397024006320       -2.41039598054479       -5.68422896287490      H
        0.64965309401081       -3.10182128992140       -1.91844553736209      O
        2.21225682471754       -3.82280673959466       -1.58698174050091      H
       -0.28864306500133       -4.41639436944382       -2.99964404157240      H
        1.69742867406516        0.33003370390309        2.52216740407694      O
       -0.05413010962729        0.37063391903980        3.12059748527949      H
        1.48304439352545       -0.46255522535233        0.94327855272797      H
       -6.43602875241766       -0.90818316405722        5.25839419490692      O
       -5.79797482339761       -0.60016865137887        3.62780066050398      H
       -6.92310517676401        0.67991402652969        5.80009559991459      H
       -5.02994770525376        3.80541644946762       -8.04736053715256      O
       -3.33389710505876        3.91759079883751       -7.94910899472245      H
       -5.73765241732862        5.42928215526256       -8.02928035368397      H
       -0.76506102972523        1.89517025227308       -2.94094032780798      O
       -0.27754565938822        0.21375556212084       -2.74897286784562      H
       -1.18772277110431        2.37633819517291       -1.17759899508084      H
       -3.83068968228207       -1.06154104599775        0.29379853313888      O
       -4.64847379478803       -1.25845082217392       -1.31578589518118      H
       -2.45798053210839       -2.28557590060919        0.42230399676748      H
        2.98543955266005        2.57557892216793       13.57082993143577      O
        2.09367059121072        2.07542849650813       12.05384034495150      H
        4.39743633032669        3.38139836158351       12.66848832011558      H
        1.19183907567052       11.57793826873012       -5.36068257888839      O
        0.99446960685705       10.49249221483754       -6.82189091592491      H
       -0.44578252071617       11.29221702409698       -4.52263432166727      H
       -0.54270468764759        6.70533897563589       -6.04497082618057      O
        0.95618651900042        6.36962921756924       -5.02263522888031      H
       -1.87820014226191        6.26234676111340       -4.89536126695629      H
       -1.46577834997872        3.74813592604598        6.73210577926383      O
       -0.91355374777593        2.32641939105404        7.59262632812980      H
       -0.05050767388563        4.60667821055172        5.90934621285849      H
       -2.79679684708092        4.01004748016026        1.91994268046933      O
       -2.97880216377909        3.92721294906067        3.77851455612483      H
       -3.66601690356829        2.37923601722647        1.56087555078998      H
       -0.62256630741583       -3.55837900125961      -10.22111359637186      O
        0.25153490362736       -2.12814971817373       -9.62214071157443      H
       -1.59781456603024       -3.09317788734802      -11.58888909605608      H
        2.22857939625109      -10.12253705460435        1.81110191366385      O
        3.64918438331891      -10.27865356647529        0.65813255277367      H
        0.56871695286805       -9.98728302743578        1.02243553404971      H
        2.75111397555432       -5.90954909346485        4.55591652437018      O
        2.60498713819911       -7.53608725560735        3.64317377927228      H
        3.70768625953238       -6.39668384506814        6.12342359454768      H
       -0.38333632234905       -4.58094364910754        9.15116370968524      O
       -2.12416970797686       -4.15266758397696        8.80457333339571      H
       -0.00677617448254       -5.39136661333646        7.59858404639577      H
        0.90425794011471        1.41334496999396       -8.00528117655591      O
       -0.00316225642839        1.67460652004228       -6.31752274182831      H
        2.64391926473034        1.56757561575473       -7.51279179334933      H
        4.83343927647413       -7.44158135760107       -2.74967448425407      O
        5.81945100460092       -6.03729628497211       -2.13359211501630      H
        5.86059930977420       -7.99967407970834       -4.03460847035409      H
        6.44670703383697       -3.42971203642366       -0.71751514444654      O
        5.70776956324214       -3.60740065578284        1.05783915187088      H
        5.59806524468449       -1.91581442494735       -1.36751410865714      H
        2.07713194368268       -0.07365050384864        8.23933143339409      O
        3.29563544471095       -0.08267819732482        6.94071156924979      H
        1.54990112507745       -1.73469386186399        8.62895563491316      H
        5.30381509981728        4.20102631060189       -6.24207270146171      O
        4.47268294841313        5.84913043071869       -5.80114260383895      H
        6.71052808284639        4.79793188810097       -7.07297270745261      H
       -0.09269260851296        8.14568835723925        1.01895473921736      O
       -1.15700842985213        6.68979553394689        1.18676109121266      H
        1.38413173147428        7.68359158741999        1.93017231379576      H
        4.04422111335766        1.00375698426451       -2.00999260502839      O
        3.69819675529786        1.59719806374901       -3.69847479899784      H
        4.21331468200216        2.71550029395697       -1.14412576292032      H
        3.59925595077695        5.10430176975013        4.09071057189583      O
        3.07017194320834        3.32452758885018        3.57617287191571      H
        5.37003668469280        4.88682309128605        4.15532098926629      H
        3.58819127612534        7.81823359674382       -2.70844070080066      O
        3.69118243060891        9.58541464658232       -3.36388068261726      H
        1.89534818567993        7.89615831650548       -1.84028666244568      H
       -3.47913090486130        9.55582088724931       -2.59404723346480      O
       -2.18141977174439        9.00029711442681       -1.38588080699014      H
       -4.77385423225685       10.20561875679159       -1.44442534656229      H
$end
