$coord
        0.31276051239537       -8.15080355834093       -7.15816986901229      O
        1.23571727836120       -6.84449596492356       -8.03208205750510      H
        1.23844528372395       -9.64447928847588       -7.29251726932468      H
       -2.63311298880942       -4.96725000505364       -3.51158218773268      O
       -3.12794167170916       -6.22803688245974       -4.64972211077832      H
       -0.91245268405460       -5.34441085652359       -3.05765745051200      H
       -6.36768484677916       -3.02471982090624       -0.43483043859103      O
       -5.55309307438730       -3.82877427037646       -1.78605679012515      H
       -7.72468835496501       -4.15833937176419        0.15955636580540      H
       -9.31615062653013       -4.69131926570493        3.23234619676286      O
       -8.35372729185366       -4.85814139676306        4.80808008606123      H
      -10.90047446043568       -5.17078860762913        3.85921699240102      H
       -0.58618810818480       -1.22421181473666       -6.79061696336329      O
       -1.96879105902347        0.00533575907182       -6.95521424507639      H
       -1.40526722879251       -2.57999206534623       -6.05133682381021      H
       -2.56200333477291       -4.19214827396819        2.82836653110728      O
       -2.33237125389609       -3.04598860048144        4.25772902725449      H
       -4.10249538460572       -3.66507863353928        1.77552344922587      H
        4.13523581222672        7.33555209249822        0.94265776444152      O
        3.16351776989130        5.81820742143721        0.35382663643828      H
        5.92024139365022        6.91148874664128        1.05026794874648      H
        0.74083504472535       -3.51263370838630        9.57099178595926      O
       -0.49832333131197       -2.39212549875185        8.68616979224353      H
        0.10449540239838       -5.13337838923847       10.19536018094239      H
       -5.16536783100003        1.62184081893988       -8.16161182483203      O
       -6.71750371227987        1.93214331474147       -7.16982714929768      H
       -4.17305863090415        3.14464113671928       -8.22145685771978      H
       -1.79343616387361        0.46691752647986        0.35637018723004      O
       -3.29161459432812        1.49113883834833        0.71865557169886      H
       -2.44046374869713       -0.98273415388920       -0.52229070572420      H
       -7.47942283516880        5.08399607282759       -2.26333227104507      O
       -7.51649278323100        3.79998661349697       -1.03708052533124      H
       -6.84731105711996        6.48699829265137       -1.19695139346654      H
        8.66381049028768        4.56088426258524        6.19470673811943      O
       10.12502299925353        3.88805388954865        5.40878772146580      H
        8.77951404319000        6.40700961159035        6.02500818859373      H
       -2.13176719478727        4.05802644122500       -4.28295965324001      O
       -1.07029472266469        2.94510287274145       -3.22831349046101      H
       -3.83974259369685        4.17145109938212       -3.78226230867092      H
        5.65887964024033        5.89306168365164       -8.29354307305302      O
        6.34387868979557        6.81003666624495       -9.74347900673690      H
        4.37014541896978        6.89831675918594       -7.30244391073616      H
       11.40378560661064        2.92515428452879        1.11487462286568      O
       10.15341060132182        2.59377946705578       -0.31320441084978      H
       12.50189658298477        4.26046293150512        0.46834128223424      H
       -2.35146229231403       -0.69961257328442        6.60274464807452      O
       -4.13438494159136       -0.31697212807332        6.58537720658378      H
       -1.79870704135117        0.90962131403173        6.06820252527057      H
        4.20956142909496       -4.47586401662398       -6.88974433423676      O
        4.56278871947831       -2.79408067155890       -7.50647625488755      H
        4.19453391559492       -4.52847728862388       -5.18879724356388      H
       -3.60694104615992       -9.63720271520564        2.89503746884961      O
       -3.91390895930357       -8.09043281495918        1.92555929192871      H
       -2.03793800199983      -10.26047335259639        2.12431877405895      H
        3.92733674120626       -0.01475935387426        5.08251898482146      O
        5.20433859308936        0.74777387290956        6.03009971748375      H
        3.11166796511786       -1.14341630809305        6.27393098562276      H
       -6.22576487021908       -6.78153865288482        7.00363871825188      O
       -5.00652311691436       -5.45290344817871        7.39138965548995      H
       -5.32505205702870       -7.86357630200829        5.87110756043165      H
        4.38317038486744        0.91582625751892       -6.31864556240814      O
        2.91103293637886       -0.23048429381436       -6.63528848601859      H
        4.21099772390558        2.43489874254404       -7.20131526956944      H
        1.13171744503514       -6.05932539775385       -0.25916107392018      O
        2.37972864719220       -5.13994400092822        0.62074411250273      H
       -0.28756747587251       -5.68643176024308        0.81150452552939      H
        5.09842741381229       -3.51098103680076        1.70406868051218      O
        6.90989383498998       -3.67231703755699        1.94308311117569      H
        4.71212903352232       -2.22199148379315        3.02166127704995      H
       -0.19911107850700        2.89389015362653        4.32903923680292      O
       -0.61037465212947        1.87764589361594        2.92414137830817      H
        1.61705661091184        2.56923986729170        4.57960897333613      H
        8.40219027558447        3.27421325426587       -4.04067456295065      O
        8.11784459858288        3.88196329007443       -5.82300500062256      H
        7.72993282336926        1.50824342666653       -4.16830296540391      H
       -7.39742152095878        0.50732903041360        4.84568245498271      O
       -6.79442836394357        2.03861048363734        4.07770468403539      H
       -8.56067927958988       -0.48176797440695        3.82929949316922      H
        3.03441659430204        2.64596114230127       -0.89923443054211      O
        2.84427930642515        0.98038870248182       -0.02287680354160      H
        4.12364110230776        2.35769836242696       -2.32510899181681      H
       -0.20992177113585        9.74189402248862        3.84088972113649      O
        1.29260745531215        9.29801602393691        2.91557017993854      H
        0.21003839510704        9.17875435465389        5.53607040429974      H
        2.31578309072341        7.59341014779391       -4.88604274918792      O
        0.79236443042077        6.52511425961198       -4.50072380317148      H
        3.25366258309656        7.53377408176654       -3.26983781462756      H
       -4.77273060403312        5.18537632440356        2.06117090397545      O
       -4.48904751686310        6.93182263634943        1.81634684296154      H
       -3.41220325468031        4.54909223762934        3.10894629262438      H
$end
