           1           2  0.86369329302151709     
           1           3  0.85699173255613925     
           4           5  0.86944011771588492     
           4           6  0.83296208293476570     
           7           8  0.83512760795146823     
           7           9  0.83900863845492479     
          10          11  0.86968237344560562     
          10          12  0.86994456420846666     
          13          14  0.79334887542533450     
          13          15  0.88650149770417275     
          16          17  0.82965922544703052     
          16          18  0.84726743997076859     
          19          20  0.81817347816064734     
          19          21  0.84543974396849031     
          22          23  0.80703262109482232     
          22          24  0.85924668006863891     
          25          26  0.85538007617569589     
          25          27  0.81271159921831637     
          28          29  0.84610805197849048     
          28          30  0.81782726055892485     
          31          32  0.87530366207098487     
          31          33  0.83599067740711042     
          34          35  0.91220723230933787     
          34          36  0.79956669561346461     
          37          38  0.78195596901185660     
          37          39  0.91494556037601382     
          40          41  0.85050450166634184     
          40          42  0.87540110352952327     
          43          44  0.90245582708479943     
          43          45  0.82633795774807151     
          46          47  0.84927829119931697     
          46          48  0.88358733414565371     
          49          50  0.80580210139774389     
          49          51  0.91582363890748253     
          52          53  0.86710107175052487     
          52          54  0.84673178937961235     
          55          56  0.82287400928316523     
          55          57  0.82600111939491339     
          58          59  0.91475867463130878     
          58          60  0.81452226238751868     
          61          62  0.85285091699892979     
          61          63  0.81522179372821624     
          64          65  0.85545674168440822     
          64          66  0.84482697193294187     
          67          68  0.83068771939343622     
          67          69  0.83774701414555919     
          70          71  0.80687819327581001     
          70          72  0.86206890002285652     
          73          74  0.86227589859369591     
          73          75  0.85058890189859404     
          76          77  0.79405432365648543     
          76          78  0.79889606566106730     
          79          80  0.81347935217091971     
          79          81  0.82080041750538457     
          82          83  0.83133684973842437     
          82          84  0.91238621640049566     
          85          86  0.86042273627361709     
          85          87  0.88574265246868389     
          88          89  0.90783961568132909     
          88          90  0.80641959455844792     
