$coord
       10.43076320470764       12.05691105521928       13.50879941178713      O
       11.94531744166231       11.92847828806456       12.48350520065501      H
        9.55586365749892       10.51634980977907       13.28631159157176      H
        8.25390948409344       10.85304352827246        3.91493484227331      O
        6.93869893831844       11.37947990896119        5.05791817003849      H
        7.72820908279741       10.55568703146755        2.19529268825874      H
        8.26090877944995        7.50533139828095       11.91976883943520      O
        9.41891449010376        7.22658469120683       10.62208481111307      H
        6.52922908399256        6.83195753909409       11.66836981422910      H
       11.36181947103798        9.15205243860080        8.30251478380631      O
       10.76201287153935       10.54497406077511        9.29996418812388      H
       10.93844168019298        9.56083461205792        6.59600012323378      H
       14.23394570342935       10.35960787496274       17.60880223252562      O
       12.59554481654196        9.79213617542765       18.11062156419039      H
       14.11764203263170       12.15022753727919       17.57353341796029      H
       15.79519748574977       11.01967540411933       12.65717565301888      O
       15.47248120359977        9.97720567918060       11.22973105438768      H
       15.38942462721415       10.07223234923220       14.23143102651629      H
        7.68746241178517       13.66368585624606        8.88884054631905      O
        8.19874688007040       13.51857838601067       10.71836667554895      H
        8.51912296058674       15.14240350907609        8.30759532444374      H
       13.04197232713132       14.55394366688946        9.30699926898360      O
       13.98959564453376       13.08601254337118        9.74470840888676      H
       12.97406748816752       15.66768911089970       10.64872356326159      H
$end
