$coord
        9.87840568303458        9.95458095971474       12.95951623292367      O
        9.79347302776844       10.26067346312818       11.06602601843373      H
        8.88541530387310       11.35745442939276       13.49006315727959      H
        9.11686115112024        6.19132132919720        8.56677895144273      O
        7.50443609366850        6.85646445500610        7.96244828552909      H
        8.77111387916021        4.70479826636908        9.52621376802221      H
        4.79458811244708       10.02934225712386        7.77779348194077      O
        3.17894773939626       10.85822847876773        7.77438711414598      H
        5.63094074670984       10.72526304350588        9.13252425712833      H
       10.26257023027490       11.30736949052677        7.88558072138662      O
       12.08422262251865       11.28641056483657        7.78881845345477      H
        9.73710941811778        9.68341345729563        7.34236592552850      H
       14.26738936608852       11.22304088842863       14.53501425212705      O
       12.55625674132324       10.86986288165498       13.95185789707222      H
       14.63409343373916        9.61412578359992       15.36180135194532      H
       19.01438474684062       12.89106889933452       13.69490765942807      O
       19.44182930604903       11.26665564889034       13.06042206604885      H
       17.58593437376848       12.57131086086121       14.84504917911862      H
        6.60594886952796       13.85139358061624       10.42473424860071      O
        6.63565180101580       15.16165174751816       11.74395234471263      H
        7.82491485447273       14.35577415490002        9.23667209013255      H
       15.12121107572638       13.84253026373631       10.10802943175796      O
       16.19097460223030       12.41250395919621       10.16733545404080      H
       14.69191032378185       13.94397211556460       11.81181731309685      H
$end
