$coord
       12.38205763215517       12.02649437269304        9.79241059967465      O
       13.51343024512573       10.73880865060697       10.39635437011145      H
       12.63089152582778       11.85537401711706        8.01533407561037      H
       13.51711381519175       11.49658833369438       15.68968573567339      O
       14.98274608241254       12.52514728942378       15.98744826490845      H
       13.98994848295125       10.57981849882106       14.13021206210562      H
        8.69283535704367       12.18689727775169        5.15014983999508      O
        7.34953153858874       10.96640761863337        5.49298301735325      H
        8.37149900818167       13.71965814527970        6.10476769183156      H
       15.01153509363947        6.87153426516737       12.82350361321861      O
       14.29832321481429        6.60016345619761       14.49799817407382      H
       14.65541572594387        5.44464706398828       11.84088703953622      H
        7.06561116773488        3.88309398324348       12.47114633931097      O
        6.50805780198878        4.70266421892907       14.02654939570412      H
        7.08231240536190        5.19176516536589       11.21364890963485      H
       14.29281563058456       16.68890983515159       13.30497994224210      O
       13.07195407242710       16.04964115831312       12.06326133694376      H
       13.75661496627338       15.48691186428306       14.67419117054789      H
        9.82696764998682       16.69866383146790        7.26621549197163      O
       11.00572508077521       17.83132721799262        8.05866808578242      H
        8.25250658036222       17.74308729679060        7.19207084314106      H
        8.17116048859219        9.18729456666913        9.52226457274661      O
        7.38549565351884       10.71116600818248       10.05945584783413      H
        9.91291002592029        9.80056541903519        9.41994637308711      H
$end
