$coord
        9.83691733927932       14.48584595840543       13.32173511891838      O
       11.54928742709444       14.35800287277030       13.86142761777563      H
        9.33676361108210       12.74666953694035       12.66080099839933      H
        7.84401202715269       10.85814449049097        7.86341146266951      O
        6.49942591721247        9.75086467098046        7.26006264936979      H
        9.21567536257835        9.80244505938510        8.19411326771736      H
       13.52659257524229        9.95554414221179        8.70205010931268      O
       14.76046171441299       10.87742753333686        9.85073257966305      H
       12.19859906447682       11.10575325360322        8.77170684436086      H
       10.56592949672961        5.68774242753083        8.20807190946064      O
       11.84764604228616        6.95263424188970        8.15146265749854      H
        9.79580181104219        5.30839855937659        6.60836273444954      H
        9.66136030660262        5.63903007146154       13.49434578660462      O
       11.21487987024919        4.95922263352918       12.70405102493027      H
        8.47684617111396        5.54612728638064       12.08348758303242      H
       12.02781125807313       10.30105499426125       14.52151023677408      O
       11.08836456513336       10.41804313365633       12.89839285107423      H
       11.88441373072969        8.61276854205547       15.16806979071935      H
       10.96481023893871       17.90094820309456        9.16460318599894      O
       10.25725908234059       17.66057325363192        7.51806589678919      H
        9.72549644629973       17.11887138858890       10.20195200681547      H
       14.60104339466219       14.48754023103441       11.02499322587769      O
       13.96595617672622       15.89698726980342       10.11467706474575      H
       13.85644928111080       14.41054347526712       12.64073951787593      H
$end
