$coord
       11.89324476838090       11.00422224692946        6.58548474922943      O
       12.44817340910656       12.22778222724822        7.76894609408511      H
       11.42511173871666        9.34387100740346        7.31133079711787      H
       12.05169121859040       10.04687646210277       13.55610659435886      O
       10.28860284511872        9.77212854194640       13.91978037491223      H
       12.08647085095685       10.26090920518953       11.75935006472276      H
        9.04301450909580        2.95108405868348        4.62042848257319      O
        8.91882446152954        2.88759623908495        2.85814293551521      H
       10.61486244565731        3.61962664563335        5.14644271944116      H
        7.78321956387955       11.43008454984754       10.84590524382603      O
        8.57648058626159       12.22010674429967        9.39236908160808      H
        7.45483781550743        9.69151542616500       10.33524020841628      H
        9.02272556680894        5.60796472889241        9.50157000835614      O
        9.25147839298735        4.81146249037051       11.12264450743619      H
        8.78904070101344        4.12349920970899        8.47543660770436      H
       12.02105190393241       15.16474443689831       10.39145388105242      O
       11.93604722826092       14.94752436187824       12.18344350741441      H
       12.27349380412868       17.01606501759243       10.18353045422242      H
       12.50492142029547       19.19062372522602       13.90103931928964      O
       10.74838359326332       18.75040500395740       14.00555838793838      H
       13.08586969046531       19.68398289718349       15.56610066531203      H
       14.71344031853850       13.82938542982686       16.67648519826760      O
       13.82850392550694       12.31992260782794       16.18362368086679      H
       13.86982553575182       15.30271909517575       16.03199368203666      H
$end
