$coord
        4.72608436054782       14.95250749770106       10.17560252771511      O
        3.58854851546707       13.63623459216312       10.76188886307879      H
        4.36214776623070       16.61753060681787       10.69028375562911      H
       14.30756768381807       11.66953541504910       16.24164798039998      O
       15.44981982113681       10.50889421411032       15.44305979652970      H
       12.74380799771611       11.70689966763375       15.37057608219479      H
       11.57530813311485       11.09648713279155        6.20442938941178      O
       11.83101158671815       12.75042333700553        6.98438302505438      H
       11.26584317219110       11.37383491049920        4.47947667041165      H
       14.43722815062817        8.69136620000097       10.48242025875905      O
       14.12108265078973        8.84165584241434        8.69084425862394      H
       14.31790451684897       10.31964125045691       11.33594021515523      H
        9.16477628208973        8.34786485411846       12.56527584063650      O
        8.48377423174123       10.01149330312239       12.60428252315316      H
       10.97712813354753        8.39185084659119       12.35627394756594      H
       15.80989951294402       15.07445871952268       11.22064557100565      O
       16.85618587991143       14.50180215152500       12.56593539411205      H
       15.86188349372559       16.78960423978909       11.52913337554214      H
       10.25104276348431       13.10233595698877       11.23073912867750      O
        8.54461459527255       13.45141297783373       10.68042414758756      H
       11.15851917327270       14.74376110439683       10.95493497031922      H
        8.59073628612737        5.69496302334755        8.05471447436365      O
        8.92301071815384        7.10763691998746        6.92309748628271      H
        9.84128075981056        5.75355582810031        9.32142987702392      H
$end
