$coord
        7.07601498841811        8.34972077821751        7.76230247589591      O
        7.85187065356825        7.12212014677426        6.58112084631528      H
        7.40518634740292       10.14463086850537        7.14463861474813      H
        9.51874580680762        8.46218407641823       12.24520058649023      O
        8.70282292364759        9.63956484955517       13.34343736011089      H
        8.21615241271212        8.24115303722407       10.91791265524931      H
        8.07834525562015       12.75760977469215        4.52620837685559      O
        9.49238922406114       12.12842422865877        3.81580323349781      H
        8.64411701255729       14.01003254476920        5.65790488441596      H
       12.04151954416240       15.29773583089643       13.02441249468933      O
       10.22951359845201       15.18719826286801       13.57798921364456      H
       13.07877299525258       15.45255858987456       14.46205929194439      H
       13.87537514210636        9.95182071843107        9.30882995875940      O
       12.80373436129108        8.81679930678047       10.28407687772463      H
       13.87330036734531       11.53216787094547       10.33402993890783      H
       14.46747901893159        7.31956390045486       14.77189464007939      O
       15.65935836825267        7.59806476596482       13.39345277397113      H
       12.79051443766138        7.83180071449094       13.99370226346554      H
       11.37243236688029       15.18437585758202        7.69689135623972      O
       10.72353813981895       15.69843415792161        9.47427479407457      H
       12.39720714898678       13.66200391306526        7.85182116245005      H
       12.48449548957163       11.78460495070073       16.66692039889236      O
       12.08619312773383       11.08605942618454       15.06244694311420      H
       13.54369166187171       10.70595020891797       17.56222882503394      H
$end
