$coord
        9.67318853915035       14.94099948538001       12.41697888909514      O
        9.75488100137684       14.89399489284351       10.64738596405628      H
       11.17426211189369       14.08356234386335       12.81160548263378      H
        6.28548586427327       10.65976153819293       12.34887417781428      O
        7.09766176179417       10.51449028079317       10.69577841368104      H
        6.02370814783923       12.48352306916037       12.46802775379428      H
       14.95889079673128        7.52466793690277       11.58950333444817      O
       14.28736071564295        8.97763547153952       12.38350757777004      H
       15.39948468273110        8.01491169797532        9.84696254995806      H
       10.00885676491869        9.71131387417047        8.31037621009368      O
        9.25163446687365        8.32597402010680        7.45137346699092      H
       10.65627890292755        9.02303100499745        9.88333813014673      H
       11.08621454049077        4.52759812004168       10.07761345223587      O
       11.98953407726509        5.30919332980397        8.76453586299106      H
       12.13239317096203        4.70464198246866       11.50906381235400      H
       11.32031350699922       10.21038112320690       14.42563181017346      O
        9.66610197210686        9.57468380997154       14.02077980245322      H
       11.07209534897363       11.88147540102222       15.19501915522089      H
       11.16092299767418       14.36365292435555        6.61036471404297      O
       10.20914843886871       13.19363306116069        7.65610075663333      H
       11.87629635181836       13.01091488377026        5.70386285076595      H
       14.42511127097855       17.17168840461052       10.46955356979137      O
       13.19826995617907       17.97027204970610       11.61122479873552      H
       13.63602769735441       16.85586673829874        8.86870591382878      H
$end
