$coord
       11.77057171134463       11.51125162854838        7.54343209097362      O
       12.88390553517550       10.30561861170901        8.40224941696043      H
       11.18649767440653       12.51002977676765        9.01919442069622      H
        6.90633749975198       10.92374183305841       10.64183920492904      O
        7.89536182248196        9.52916298913162       11.18844929423605      H
        5.72756028931143       10.34189879466703        9.49568459220423      H
       15.71454935543758       11.91765360089983       12.67200561848597      O
       16.87068187964901       12.97138595200472       11.52809169616441      H
       15.21895379261669       12.98981450864866       14.04810872789439      H
       12.15073272994314        8.38533916433016       12.23759306757522      O
       11.10756170536015        8.33822755804078       13.71826225682272      H
       13.82408479739611        8.83013439764770       12.83448637660214      H
        8.89280076859686        5.90146726219339        9.76613544006073      O
        8.98846831856399        5.72077852237544       11.61475600050767      H
       10.51027410246068        6.61029307575498        9.38079404088007      H
        9.44708665151762       10.28968753873405       16.28129819171259      O
       10.42554971818760       11.79590031327230       16.55819068989482      H
        7.94915858126670       11.01430651446867       15.58280768406336      H
       10.47028702982884       13.64978555838384       12.68296589096009      O
       11.17677534036416       12.10163013932693       11.95505583560866      H
        8.79486674455691       13.50969835999395       12.04726235423055      H
       13.53956928129963       16.56497025966459        4.02895268692141      O
       11.77415143952554       16.84772378738993        3.82251739824151      H
       13.52405902275148       14.85988584665492        4.63591010164497      H
$end
