$coord
       13.85946413416548       14.63013217889938       14.16256040358693      O
       13.73196265299893       15.84625747517442       12.80588926537816      H
       12.10096336991874       14.54063556125294       14.76988713027634      H
        8.63361933838917       14.27750822281012       13.63293155995296      O
        7.12672391523407       15.07843340221849       14.18691812940263      H
        8.20396185393727       12.71126326016506       12.87446207009822      H
        7.46585284659604        9.00755672574155       13.76487923438993      O
        8.99606545112632        8.68119118531934       14.71881220189956      H
        6.20709043060183        7.84169395832134       14.42263563162483      H
       11.93138027652575        5.41118181083927        9.61041144135115      O
       12.64205271258627        6.72103215510922        8.55503484020861      H
       11.39434079824307        6.29134478114463       11.11959201178345      H
       15.65499389001462        9.09305882452886        7.87000133349042      O
       16.83688812673855        7.98698860975331        8.57764315693480      H
       16.19345110068005       10.78212302066417        7.79481639650870      H
       11.71437168488680       10.80647024054777       10.98293604506341      O
       12.25271522142965       12.49447132701891       11.63387477939497      H
       13.31094179955732        9.94187251886672       10.77768982613372      H
        8.27290025526375       10.10468878709574        7.43743271342015      O
        7.61297311744861        9.92362252410092        9.17141825650613      H
       10.06104237224206        9.95458886395025        7.40430481374977      H
       11.31598255723994       15.79338031554661        8.44925326880745      O
       11.78140610846313       15.11527176916082        6.88408679444184      H
       10.09922663844194       14.68440271864884        9.23584808107072      H
$end
