$coord
        8.11202962295161       14.69743250422989       12.23288435576430      O
        7.26958648379661       15.63427562685268       10.94189333381221      H
        6.99747172278691       13.85498118505388       13.43166385976999      H
       16.39305327793608       14.04544086689051       13.53706902495684      O
       16.92750224883622       12.95293757800618       14.86596484332644      H
       16.45401838790421       15.71712345004386       14.17788606948805      H
       13.99346598132864        6.98412134601610        6.64572948615098      O
       13.16401096764894        8.59036078946970        6.50444342959302      H
       12.74064065974987        5.71252266384264        6.60773712653979      H
       13.69402083261335       10.64359995753780       10.92029073038347      O
       14.21363873582891        9.09363100224444       10.09702194870040      H
       14.94563519106816       11.56308663518591       11.91420250672293      H
       10.98560028401152        5.32203169895321       12.47957505245602      O
       10.07300425977238        6.44589793548245       11.37391716034671      H
       12.16054986976103        4.28338221008079       11.53728994966269      H
       10.93897684658663       11.76540320639748       15.53094322243813      O
       10.99330400623417       13.34497238452754       14.61351826629281      H
       10.78948604490719       10.34972744227392       14.27361768017524      H
        5.74355057419163       14.78853559875381        6.29244459916354      O
        7.56511379860237       14.69634123445062        6.35288701188297      H
        4.96955950892232       13.25477388298819        7.05285035516254      H
        8.99404404746447       10.88335952213667        8.43494330696413      O
       10.77264438316133       11.09239592984642        8.73505698451608      H
        8.41681933213111       11.91362520131519        9.83747968795615      H
$end
