$coord
       15.90097033644697       12.57329142867683        7.21785516649380      O
       16.94843676608825       13.16819590353193        5.88093708234898      H
       15.54554055082129       13.88771684853912        8.44929316221162      H
       13.25103304400513       10.61564336359625       12.67274110290109      O
       13.35617651665772       11.55020089851525       11.11007416796763      H
       12.29380673875395       11.69340757105432       13.77058707437921      H
        9.38637081087621        7.95909927621188       11.32007685714995      O
       10.45808672414580        6.48084429939019       11.02207194250997      H
       10.20882262024998        9.00070213579328       12.60178772568555      H
        9.11395489873474       13.29529117865883       14.39824246904374      O
        9.93324180405064       13.75676903136481       15.94132961923698      H
        7.58986246088962       12.40733290340908       14.91145765431526      H
        8.73224539732895        8.25817782354394        5.64663096533439      O
        9.66926391665780        9.79550108224781        6.01025212949524      H
        7.42842970328322        8.04248968063497        6.91476045707595      H
       10.32066867643699       12.45169303155990        7.77917911967969      O
        9.38534022799906       11.81155544565085        9.21778148113697      H
       12.05567834026361       11.77056106651194        8.06839413479676      H
       14.03661284415600       15.72729560698486       10.77046003526569      O
       15.03615546029529       16.53841914458212       12.09183159732336      H
       12.42040663116628       15.40012985723208       11.44327858234426      H
        8.03602812784388        8.14708947661819       15.91036380051483      O
        7.92987170235687        7.66295576461344       14.09475453941458      H
        9.42353700125501        7.17068885705193       16.52190981883957      H
$end
