$coord
        6.28573603270949        9.01635070083713       14.03300335689949      O
        5.94345019538977       10.72912791492015       13.44794865606806      H
        4.61306846051197        8.33831422037109       13.77219796170940      H
       10.40744832303098        7.93615133863891       10.81164715702551      O
        9.11014153024987        7.23278360523451       11.95397881142439      H
        9.51818244138446        8.22008606745875        9.27610669786566      H
        8.91719508233920       10.67090901062875        6.59500028214581      O
        9.80734440725369       11.86007230931913        7.58088510024590      H
        9.04543206577711       11.19719776881218        4.94370564643300      H
       10.73941102463424       13.35324231045915       10.64922193474409      O
       10.76044974179833       11.84302238348898       11.78526312692193      H
       11.80229567464871       14.68033094909164       11.54775838019317      H
       11.15560270084615       10.68427571440320       14.99834307277302      O
       11.87519410416238        9.22901831364297       14.09994926494548      H
        9.53841639010313        9.99087109753886       15.52364950549714      H
       21.23808002691462       13.40014686315203        8.29689783058770      O
       19.84806300255742       12.85123212586194        9.28018584572676      H
       20.52846961952053       12.84688079976398        6.68435902292838      H
        4.60141563555421       12.72527899873455       10.15494367291228      O
        5.51078608876650       12.11855252157411        8.68872363984599      H
        4.88700735254437       14.54482366536359       10.16173592093074      H
       15.86921636371962       11.41736647285213       10.58681051628391      O
       14.10335394944313       10.79131067271287       10.32751033958635      H
       15.81172486453234       10.84570731081173       12.41169450916551      H
$end
