$coord
       13.78370210484738       14.95518509478909        9.07924526055942      O
       12.89246955602660       14.66321593639506        7.46468767619739      H
       14.85425230457886       16.49369110235210        8.71754165937895      H
        7.99712243901481       10.56655444781289        7.34214277659974      O
        7.60924223283985        8.82584111209074        7.46337970452619      H
        8.52526793864214       10.96296967308235        9.08406281635376      H
       14.80218618385314        7.52975651150962       14.57151255622866      O
       16.43451412019321        6.88963708429280       14.88919494063722      H
       14.58790646210360        9.06788671056465       15.73746122558725      H
       12.62648735145696       10.21614304652041       10.62396320170120      O
       14.03910493880263       11.33951039370009       10.14589747302474      H
       13.28609111128859        9.31156690604392       12.11731890912612      H
        8.49993000041607        7.33469023109516       12.29225778122252      O
       10.00244480760809        6.83867894876606       13.12175215063866      H
        9.09503768364144        7.98176453710726       10.69864040730088      H
       11.32351649791920       11.74880196332863       15.85615901907161      O
        9.64925297130290       11.03976548325951       15.87655398434869      H
       11.31595173852987       13.61627438213150       15.71356213220978      H
        8.33736585253888       13.17487769608800       12.22601491514154      O
        9.79782698905567       13.54813405051767       11.10474391434792      H
        8.26730839204601       11.37104681093234       12.24654209428783      H
       11.25576987563152       13.67957791242188        4.12000610541416      O
        9.86378639813353       12.58562334093823        4.67651548939057      H
       11.89097046712938       12.75387846215317        2.66084850299708      H
$end
