$coord
        8.69410345159890        8.10036720464365        8.03565933617868      O
        8.64218591805543        9.94794028656227        8.24023030936202      H
        8.02927540742663        7.67720303004193        6.40243894427047      H
        6.98369479524902        5.44343732519905       12.21459012843548      O
        7.51908549373757        6.34739021300420       10.75899478488190      H
        7.22012660142799        3.66574415494502       11.76392861270719      H
       10.00858639075705       12.81530626021893        5.12901826112727      O
       11.50359754962578       11.99106486498002        5.04801834073505      H
       10.28538655228891       14.40598307431740        5.94260759018143      H
       11.35596981385114       13.90307371136413       14.77375803984850      O
       12.01326105000624       12.79039918798422       13.35700706684608      H
       12.37934376620880       13.69255680636801       16.30378400005190      H
       13.65126735714471       10.38676459212507        9.38765217374046      O
       12.94301036974637        8.78055795458268        9.31792098550785      H
       12.24757323354807       11.25119677601945       10.17285715719878      H
       10.68874212274832        8.79076171850997       14.06880156835645      O
        9.62697579182603        9.92984032130949       15.11984813692144      H
        9.52431698621295        7.37713035692211       13.96580852033775      H
       11.59776038341994       15.88947574206001        9.81866622149297      O
       11.51084987732211       15.56419194591153       11.67648967458643      H
       13.35142941190553       15.44254356228412        9.30720829173252      H
       15.79689458939693       14.00741145873387       12.61449674177464      O
       15.82078048197810       12.63025049065914       11.55121281703632      H
       17.07930186534105       13.69939212190535       13.88885331006819      H
$end
