$coord
       11.08645780364870        8.79588508959310        6.12701353626233      O
       11.80148027949950        7.77036618276237        4.82061496812152      H
       12.37649146509149        9.12859397962299        7.38161071687410      H
        6.88308320946527        7.83884458048951       10.77766081121903      O
        5.86842721013831        9.35849937834590       10.44726897170858      H
        7.91525978381352        7.54584825860116        9.26496794391386      H
        6.70968266121624       11.63848672418636        7.13815073647859      O
        7.33046251119658       13.37024722532445        7.22701543092015      H
        8.39695959147797       10.70677566580891        6.65958858681909      H
       12.46052108374039       16.22048557603913       14.12326731279263      O
       13.90866843428332       16.28479035284225       13.20019809841899      H
       12.78182688700837       14.81074020346282       15.29506596240851      H
       14.51987819542866        8.99078769590239       10.24508002087601      O
       13.22702849695086        8.27510064296128       11.30304765580663      H
       13.67507208761119       10.69454733567011       10.12237874355630      H
        9.76378107045820        9.68199128311657       14.44701530000140      O
        8.79865174080420        8.94686314947772       12.99975833353741      H
        9.06919689774519        8.83920849922721       15.91680051314331      H
       10.86247454809077       13.26616418662954        9.95060093281850      O
       11.48148503850486       14.59459762629025       11.16213963804806      H
        9.24451952066615       12.83900750066271       10.80705489045334      H
       16.56338651857068       12.78379495306891       13.31608721895214      O
       16.86268799187165       12.87608363023834       11.51055276748939      H
       15.80238642900777       11.07457079418744       13.38345988151638      H
$end
