$coord
        6.01991224764115        7.15355972127456        9.06205617909510      O
        5.45105683854218        8.86572693438389        8.63219750159233      H
        6.85186973150333        6.76687218091554        7.45397883668493      H
        9.91992958331405        8.96517300378163       13.01018369368396      O
        9.57273783336813        7.36320936350225       12.17322927034786      H
        8.36680900675269        9.96518265556505       12.83929748213044      H
        7.44063067919330       12.84969427930387        9.34831362428918      O
        9.20243562944141       13.12175056956594        9.23120937045097      H
        6.71442413936215       13.98204768786148       10.60043533491855      H
       14.49748763615806       15.91227876622562       12.33389289049770      O
       13.33193986369612       15.05975824893476       11.28706800829762      H
       15.92191426857042       14.89088158253412       11.94941756477875      H
       14.82004791727547       12.97381970748275       16.48737689455344      O
       13.77633740838790       13.45681078506018       15.06126895268936      H
       14.70954681722424       14.51985609149095       17.53363965992092      H
       12.77999821033468       12.14641206427630        8.79482165998089      O
       12.69567195591182       10.44693018774614        9.51184441695058      H
       14.40420407362163       12.05619238265027        7.80688642881118      H
        8.08537029850343        9.70706857760568        4.88717657614896      O
        8.87900500411520       10.74865798800373        3.67229027801232      H
        7.48242137520939       10.87896902588919        6.24784764011566      H
       15.35178205535762        9.21898676055413       12.28295420112389      O
       13.65809084389321        9.07492799784944       13.07360608192152      H
       16.46788219345603       10.54904983562287       13.11695741251477      H
$end
