$coord
        7.42819025643739       14.17647120177061       10.23969879485247      O
        7.49780717808400       15.19219401550523        8.74093620555748      H
        7.07523786800986       12.45994865557528        9.69838793364002      H
        8.58292483351299       14.75987624871145       15.60938210222563      O
        8.57769420274349       14.97451115151132       13.83051811874349      H
        8.76915290087329       12.96578393495816       15.90835153167937      H
        8.49556805048131        9.07158463648642       14.48273791725692      O
        8.33454939670124        8.66154767780145       16.23070021106080      H
       10.26004963062746        9.34467575939363       14.34062153151638      H
       13.33288801555526        7.74090805992466        5.99632794354134      O
       11.71623846401664        7.30344589387349        5.37723966919244      H
       13.54116864529309        9.51957645444523        5.70486348710257      H
       13.39369374217666        6.66939520396443       11.35849756910773      O
       14.36123454141871        6.78505981590455        9.83531860974246      H
       11.85099786457235        5.83887875449868       10.86287787341302      H
       16.17734443856695       11.51975262880633       10.43334289001060      O
       16.35576999299903       10.09877518361719       11.55213809014665      H
       15.82739940215196       13.04181045896007       11.54502822195960      H
        8.89323144998674        8.74869698724206        9.06203069860606      O
       10.73248755078350        8.94661492999617        9.20059041134285      H
        8.34650598787970        8.80305553160145       10.78169550074586      H
       12.56671290744539       16.65329910701482        8.90359185618641      O
       11.24280848148840       15.97498451693069        9.99654667399052      H
       13.71089726974843       15.22834745113997        8.52394322824281      H
$end
