$coord
        7.37118557321627       12.78693434487578       12.08531035283569      O
        8.18583420715081       13.16800625287556       10.46142886161831      H
        5.62059604410303       12.91896091508892       11.56791728120756      H
       12.94476344415871       14.94218304972310       13.48121589703728      O
       11.66709555872383       16.01629929376589       14.28145003001543      H
       13.04599472623970       13.42127696628787       14.44911269520505      H
        8.72184371034357        5.39373840280257       11.78308662917173      O
        7.05011792838230        4.92267124784448       12.17087495843822      H
        8.70457231110723        6.64773280000805       10.45024911128450      H
       10.78934299473202        9.71582404048104        8.49800625096020      O
       11.35557560663149        8.29857442674819        7.50054998623694      H
       11.48974485537593        9.47044944418309       10.12736318483450      H
       12.55188892234290        9.20055902862482       13.62068073655481      O
       13.34717357125908        7.75234265786740       13.00133565197926      H
       10.97908151183329        8.77452881689710       14.33615551872544      H
       17.81691175224216       10.78850857222286       13.28338654358812      O
       16.21438208903366       10.89539870534326       14.14521112700286      H
       18.63618451699720       12.42006677149416       13.08386437050983      H
        5.99204288401170       12.10642679003605        6.76691772321849      O
        5.28595714809051       13.74671431998581        6.32497680425169      H
        7.50133295843658       11.66564262521963        5.94445938137595      H
       12.82866467890852       14.18524255369416        6.51632721310015      O
       12.42778115309984       13.53173783850037        8.15007019264312      H
       14.35121787363299       15.01775251178422        6.94556279016090      H
$end
