$coord
        7.12041732799947        3.63095319223603        8.74698257738859      o
       13.58268884668175        6.23923869982902       10.58712812173406      h
       14.85970826478305        3.10563854924282       14.21667605119132      h
        8.02177645257625        1.07087249497565        1.34399978777550      o
        0.63992213340278       12.97041083270380        0.65413075109409      h
       10.80510774029928        8.19133290756503       10.84835209929555      h
        3.09778937333228        0.65886861762287        3.33334695436379      o
        2.52049732387044        9.83031421049939        5.57278035044986      h
        3.95546858672089        6.65340261403625        8.64894474808198      h
        5.45448164204602        7.52517482984474        8.24176008976503      o
        1.57200072381515        6.17129493955864       12.45978678587895      h
        8.09205623696209        6.12461968433865        3.69367242698208      h
        2.19273373699253        0.07313032140595        5.89848873851457      o
        7.83049255007428        0.35030373714387        3.24691099769101      h
       13.50013988619467        9.25790412680263       14.63749336132337      h
        5.00946664747984       11.77941312812816        4.24092144137194      o
        7.25201964883732       12.40853524028620       14.91939700919917      h
        6.39720219621228        0.48326851777651       11.08646074091580      h
       11.57412205800652        1.18808701363038       14.18900449693762      o
        9.56682752680202        4.70790545390035       14.26236058360498      h
        0.25599034230582        0.26291286416257       14.38144875859009      h
       10.81035335430887        4.57437147768957        0.11856587527829      o
        7.07043976599186       10.82665088018100        1.45263486782228      h
        8.70543187139755        4.68036921127599       14.54947641352531      h
$periodic 3
$lattice bohr
   15.13942883600000    0.00000000000000    0.00000000000000
    0.00000000000000   15.13942883600000    0.00000000000000
    0.00000000000000    0.00000000000000   15.13942883600000
$end
