$coord
        7.63666942799072        0.73466151843647       14.93005992939575      o
        7.44024348222920        8.65875207168555        9.96434696524789      h
       12.36509475750817        1.14082972494773       10.71921553049367      h
        2.46040244181668        3.50380627283459        7.25228143432725      o
       12.09813873074257        4.52984771106933        8.61407823545477      h
        0.89121528940141        6.04860669595197       13.62021343476570      h
       11.52442693120169        2.12061916545062        6.92258879900682      o
        4.99258887702531       14.90035623368615       10.90789747112420      h
       10.37659930222661        8.00188776853159       10.93260900776390      h
        3.18655909103651        0.90718359652931        5.88073626750741      o
       10.26745998960442        4.50034256468166       12.60110620712362      h
        7.50864651796025        8.23287330172504        1.89680726376723      h
       12.25021098441923       13.30772292003775       11.39805884369655      o
       14.90620263806149       14.97743384644289       14.33305785625238      h
        4.10298786834068       13.29351626926844        4.54916291661264      h
        8.47484080010124       11.61604759583705        6.68851320888512      o
       12.62518120888090        8.87254062638994        5.60858491077039      h
        8.27141217772223       10.61167752730687       11.48462221468675      h
       14.03227243756023        6.03180926361833       11.19626925297875      o
       12.78405695737002        7.77525581532444        9.21736274578351      h
        2.46088314752958        6.49564231461068        7.98666929216683      h
       13.19435622014286       10.94085416747397       13.78471938095047      o
        9.04300872106421        4.61199196147334        4.53713983052721      h
        7.87571748721031       14.10175291680069        6.79539672172170      h
$periodic 3
$lattice bohr
   15.13942883600000    0.00000000000000    0.00000000000000
    0.00000000000000   15.13942883600000    0.00000000000000
    0.00000000000000    0.00000000000000   15.13942883600000
$end
