$coord
       13.12485693922609        1.09923150725286        1.79837863187124      o
       14.50010861631508       10.90704010011771       14.56060197854578      h
        6.52130166523561       11.26709461407682        2.98096860636884      h
        4.55562854034990        2.89548596328667        4.71477749427486      o
       12.24240207702640        0.99210845001305        5.17307985399408      h
        7.73840082642036       13.45134613942081        0.16282400229084      h
        4.23191138395302       11.69766490737749        2.35103705680544      o
       12.25882883638382        1.21034076482641        8.37918270245685      h
       11.07909181822594        0.60312739016446        9.93506504547490      h
        4.64386371657769        6.09939555471081        8.00980031548515      o
        1.72511070936833        1.41352639949925        6.55256172648998      h
       13.86724892732616        6.40242050914595        0.52076247538816      h
        6.65915806724949        1.97515805328704        6.30806940729683      o
        9.98737456728923        6.96650384229816        1.22556074030409      h
       10.57096818382271       10.19667573979301        3.79234931691537      h
       14.79996852781796        3.77677512558152        8.47996020971989      o
       13.92673274263141        4.10075440550181        7.32394084204957      h
        7.12012107854397       11.31602025124529        9.97261628855792      h
       14.74902207011349        7.24594221006599       11.43012697798522      o
       12.18617430551257        1.01822092341292       10.36785953143313      h
        2.76885556976913        0.48988419797786       11.83629207973850      h
       14.91935996060669       14.54793719205648        9.66814578940047      o
        8.24315411229482        7.47791472454586       13.05296396566310      h
        5.28352652056511        0.79604361530084        3.53302611406564      h
$periodic 3
$lattice bohr
   15.13942883600000    0.00000000000000    0.00000000000000
    0.00000000000000   15.13942883600000    0.00000000000000
    0.00000000000000    0.00000000000000   15.13942883600000
$end
