$coord
        7.25045872222403        9.94792959965895        4.58820441054097      o
        0.83600701382305       12.26613870593882        2.20060038023184      h
       13.03998181113565        3.31938196365314        9.68981753342329      h
        4.67244059700116        4.24340684664578       12.54242475290611      o
        4.18731674453491       10.66698206006417        6.66388215257681      h
        0.29525753003509        5.45425675074356       12.87971456415771      h
       14.55525011054966        8.72011040070909        4.47303279196455      o
       12.71193528856581        7.58437662007420       10.69941950209527      h
        3.82208159900922        2.58732270167364        7.45250276376434      h
       11.40305734986060        9.56097369047386        7.16737722719888      o
        6.40200805849758       10.62824987576449        7.99769089190718      h
       15.12612936761392        6.64807848108099        3.07716464630170      h
        8.24957363849474       14.23802459473781        8.29072757473724      o
        6.12678853584661        9.09708267021666       10.49016511743004      h
        8.56374422109210        0.66582015360702        8.44847944796611      h
        7.33408561611003       11.97613300628680        5.49140849881626      o
        9.76008315896076       11.62691867126460       14.32256739911984      h
        5.27989010134947        7.96304065668568        1.03224748875319      h
       11.34197163893024        3.60514583971418       12.85728572439047      o
        9.29981627016454       11.42862999189918        3.67529597199912      h
        1.14355361097942        8.74856455497776       13.44349916706348      h
       12.16904575558039        7.12258092530745       14.33954782283335      o
        4.21445980473170       10.02558793512014        7.89492136547325      h
        0.02342914065228       11.93930763999793        5.26157495805307      h
$periodic 3
$lattice bohr
   15.13942883600000    0.00000000000000    0.00000000000000
    0.00000000000000   15.13942883600000    0.00000000000000
    0.00000000000000    0.00000000000000   15.13942883600000
$end
