$coord
       12.44071198121912        0.09384574094875       11.39667503415565      o
        9.20259877064954        4.73664078028715        0.61453453253756      h
        7.40939559707077        4.02371633392551        5.81169927933999      h
       14.16705688689205       11.56732005217685        0.21127407932948      o
        4.02445576802481        1.63339215311014        2.84089721105280      h
       13.37189477897591        5.01949851366238        4.10880593678736      h
       10.15729400286959       10.73088683330937       14.39250020614154      o
        8.49671203913226       11.84160167718744        0.27391627375430      h
        5.72310088008688        0.12060655263104       13.20248185669688      h
        7.50411828058523        5.32038701354219        4.18481509324455      o
        9.47799770811466       10.72035076006646        6.47756472109643      h
        3.13043605311017       13.89704665774370        2.76079445086320      h
        5.28018332894698        3.17020757254167       12.33016573364985      o
        3.92567012629165        3.34779649546224       10.32356876246547      h
       13.58030013897278        0.65085871089305        1.06658272672147      h
        2.66555008392703       15.11354231647260        5.89986446385610      o
        8.29091294521460        1.36921045264875        9.37942450914608      h
        8.60364309578962        5.03739887427372        8.76827520735564      h
       12.93188260285883        6.32627552641360       12.15411059663857      o
        1.66338688120307        7.69720500418416        5.08757067447073      h
       11.76468446337515       10.66123381669597       13.51334638029380      h
        6.47686298227335        1.45155352285493        0.58771767783277      o
        3.30310956582992        6.77436018563541        7.47560603622473      h
       13.90281887989360        5.78603110317268        4.43578215082989      h
$periodic 3
$lattice bohr
   15.13942883600000    0.00000000000000    0.00000000000000
    0.00000000000000   15.13942883600000    0.00000000000000
    0.00000000000000    0.00000000000000   15.13942883600000
$end
