$coord
        0.93188449868250       11.55993502139548        3.68613580827969      o
        2.48689531442968        1.04067887052231        8.83423015174018      h
        4.28172403028269        9.15513195804502        0.40980955325672      h
        9.97058196691187        1.06066296476467       10.02446120268223      o
       11.58257578575030        2.05169900595318        6.72676932423660      h
        7.34204369330002        1.51864608461710        7.12590674945877      h
       12.14383823628330        4.85121903062871        5.82041138415301      o
        2.77830492795244        2.93284880408162        1.67317414119973      h
       15.03586001044948        1.35996345520503       11.13892644233748      h
       15.01641873135265        7.84611342391788        0.85687725398184      o
        2.72747236911250       12.14853602562985        9.34211029556571      h
        3.41024229080445        2.41246631441573        7.95024641611591      h
       14.04997741987180       13.38755591109112        5.88700586023413      o
        2.01206387477841        1.29331649575870        9.29247013701521      h
        9.89397467775949        6.06492784048149        6.54080424115623      h
       12.03815122720995       14.39039035331226        7.50267653697736      o
       11.79966532815523        6.60878529993421       15.00480419748975      h
        8.95629241415931        5.95504598986271        5.81246247275693      h
        2.57071076340394        6.69919876680986        8.37060435079590      o
        0.58657596383864       12.63611190116448       13.43366576131872      h
        3.78402742555733       10.35277297861314        0.44039060473919      h
        5.63480442846789        3.86346541126907       11.62372789404128      o
        0.99743687878778        6.95561853813111        5.72060555698482      h
       11.36068344315729        4.03316621631267       14.04409586406524      h
$periodic 3
$lattice bohr
   15.13942883600000    0.00000000000000    0.00000000000000
    0.00000000000000   15.13942883600000    0.00000000000000
    0.00000000000000    0.00000000000000   15.13942883600000
$end
