$coord
        9.17030995023115       11.50013975921519       14.81557398336223      o
        1.14340251253619        0.66941482848466        4.37157881287602      h
       12.51139359750155       11.03345066291192        7.04575868785790      h
        7.69532426951006        6.50704268400034        6.76477601925586      o
        2.25042084066718        5.56106714626732        3.77703158579428      h
       10.68894562672124       13.85714917552376        0.65374385144468      h
        1.89354862206979       10.41879599696112        3.41222971237650      o
       10.28423474062760        2.74758766317903        4.86498715550692      h
        5.98137973003753       10.51187641339484        0.71976721196401      h
        7.07663224309928       13.73825416763777       14.83341083039652      o
        3.86959149920155        9.10329677119522        6.22599371507771      h
       14.47124915007522       13.01518745757670        0.14714837042460      h
        6.04733900589876       13.39945712932735        7.87521605803239      o
        6.42360387231395       11.29920497118525        9.99819061709536      h
        2.30485450358743        8.45131385642893        4.10457355717068      h
       12.76267218548336       13.39951570771605        5.80815176898356      o
       11.89839288565436       12.35063002187194        0.43059579750140      h
       14.43691772749061       13.72642373308938        3.82831895038217      h
        6.67495781524551        0.85676063726689        1.16339819092850      o
        0.62003058754478        0.13766904894214        7.08552281843789      h
       13.39019207011859       14.12083252481146       14.04455672947636      h
       12.99135802950696        2.95332228150911        4.79859941435383      o
        9.94204606546625        5.75684762182428        7.13246654991620      h
        1.53698745561109        5.17782140896444        3.27260631084890      h
$periodic 3
$lattice bohr
   15.13942883600000    0.00000000000000    0.00000000000000
    0.00000000000000   15.13942883600000    0.00000000000000
    0.00000000000000    0.00000000000000   15.13942883600000
$end
