$coord
        2.74449357220681       10.35693358166750        1.12170983619301      o
        8.79103186235831       14.75781249041420        3.11948865772136      h
        7.82435457544024        6.30653883251998        3.57713823009001      h
        8.07225540344468        3.84687830032700        0.79313548341808      o
        6.27839732517192        0.59157617670616        0.77076689874901      h
        4.12706294726354        4.98649148406002       10.70550437740876      h
        9.46928873774359       13.76268472689210       12.80273387510340      o
       14.52290684652136       10.56504591308095       11.41358498406523      h
       13.16631383860539        0.05999932271967       13.58686319397498      h
       12.60439874252079        8.71941991517325        1.43987856719961      o
        6.40914106431800        8.72390494690943       10.65175053448918      h
        1.85417366472348        5.86373538479249        9.86091873000340      h
       12.69400966514232        2.80680662964439        2.77513417080302      o
        3.84934056059375        5.33014411444262       11.75095454655668      h
        3.02458592166302        5.03458643316925        4.61027936189959      h
        7.90561002968030        0.02599019293301       10.85938060656947      o
        1.37904798821378       14.59522260731297       12.27489827400372      h
       13.02350181437249        9.64195744773593        2.70777435314370      h
        5.21686349751754        2.36999365263673        3.56180252869458      o
        6.99435514559799        0.83346792086735        9.86269177480521      h
        3.30776295607042        2.04350681112587        3.47581173074388      h
        8.00911644750842        2.17776803199123       14.57851608922314      o
        9.72953706273773        3.60566330042906        2.26340461351902      h
        9.29912304891202        4.27089899918074        0.31291090461168      h
$periodic 3
$lattice bohr
   15.13942883600000    0.00000000000000    0.00000000000000
    0.00000000000000   15.13942883600000    0.00000000000000
    0.00000000000000    0.00000000000000   15.13942883600000
$end
