$coord
       13.26547661674363        1.29844135984318        6.60155882271205      o
        4.19313382667521        7.42086894082338        1.96793526276997      h
        6.66751472875197       14.13984054013740        5.20429708720273      h
        0.74935714645466       14.08060406883879        2.73244791602136      o
        6.86334271627156        0.37691293824133        1.75846147686877      h
        5.21707110202185        2.09737984678150        2.24835581109963      h
        7.26100813146615       11.24250708199341        8.45430111325451      o
        2.30497960786412        7.75329153439198        7.49761999328788      h
        8.79551534831486       12.51552625582839        5.65557503892750      h
        5.90460396456908        5.86822657698003        6.04693511777113      o
       12.86733444693751        7.76243473220685        7.81230996800183      h
       10.14264757346240        1.84852485564343       11.23160756983387      h
        6.50979139682943        2.32203313675431        1.76107804634117      o
        0.39579222745133       11.69690088572428        7.10574571201496      h
       13.19106993040330       14.82966976564637        9.37835527081041      h
        1.56428934808652        1.82732594688105        6.52466785018273      o
        3.44372314536347       12.09588989853093       10.21282354337045      h
       14.07093640660928        8.68487648291363        0.70666646231613      h
       13.18330774572781        7.02693952084891       11.97360701739485      o
       11.85742834615520        4.89153656884467        7.60484141880800      h
        7.34752902599492        6.77309039176172       11.86431252602432      h
        3.00722051037714        0.02962193044691       12.35668771288087      o
       12.73800608095293        0.27696692107597        2.28928475787654      h
       10.70177353834222        5.15449304497907        3.19614289208810      h
$periodic 3
$lattice bohr
   15.13942883600000    0.00000000000000    0.00000000000000
    0.00000000000000   15.13942883600000    0.00000000000000
    0.00000000000000    0.00000000000000   15.13942883600000
$end
