$coord
        7.15011922630433       11.54525325985528       13.55405730723187      o
        8.43749933796309        4.32265336174714        4.89740783015890      h
        9.31873887477279        4.60554495733885        1.83954474554880      h
        6.36882584697437       15.00365565295036        0.66764799218536      o
        9.67861398617489        7.31694840454560        1.51793791824695      h
        2.90847601563955       10.71681355472570        7.70767167279987      h
       12.51244998417753        9.12197868434687       11.38302907758660      o
        1.79698023845718        4.81358812653867       13.18175201151914      h
        6.54649081334660       12.04885520035466        9.36179675235159      h
        7.98388733230183       10.91940384689099        0.88855321035541      o
       12.25332295671746       13.76683652930350        3.50070169184234      h
       14.75433799352298        3.31985949141502        9.16719502381128      h
        7.08020283762092        1.61520155657082        9.28155966510189      o
       13.10445279753754        6.22578946862841       12.26075856744785      h
       12.60533311601552       10.54463405068887        5.09126414476907      h
       10.84947751939026       14.04822250462832        9.44050431421754      o
        2.05787038993681        0.62711854868545        0.24486288241559      h
        7.50636304991888        1.32895748962642        8.95131949488504      h
        7.72328808430420        0.32670080428134        0.61438203297459      o
       10.27581264118549       14.40980960356642       10.80933095219972      h
        9.70805282891888        0.61080287698437        4.87018786123100      h
        9.85833446755687        2.40343179153043        3.53679544021663      o
        8.24428795371518        1.95042810156828        0.20165627118927      h
       15.10502389295327       14.14325404123901        9.52482037347517      h
$periodic 3
$lattice bohr
   15.13942883600000    0.00000000000000    0.00000000000000
    0.00000000000000   15.13942883600000    0.00000000000000
    0.00000000000000    0.00000000000000   15.13942883600000
$end
