$coord
       11.79210426326031        0.50169890074641        8.20702790737718      o
        3.95154401825204       14.32403817672785        8.62374443552517      h
        7.50904629507805        7.78437552108523       13.17762091835130      h
        7.16881509196054        7.31526961329793        7.44117936404933      o
        3.92092235089117        4.04792390751862       11.08864012738081      h
        8.65801311261919       10.90644364007984        1.60787891258597      h
        0.52320760511944       12.48010859414918       12.60446948455280      o
        8.00795787304665        9.89802209052860        4.00601912187934      h
       11.28396589659837        7.23835630654711       13.94657462563107      h
        3.36037020754077        6.94847539192877       10.69063609113860      o
        6.29567785310024       10.57872720880218        1.65256908093694      h
        3.78041216418295        9.27311436318275       12.14921789239367      h
        5.59110284799683        1.85081437470515        9.92783281076263      o
        8.47367022103729        6.03243969431646       10.66357734748774      h
        5.83006656247245        4.24308018106759        6.78966337214957      h
       13.15926777346603        3.84475384174475       13.55430285352611      o
       13.74291951837734       12.74100473830601        1.50314743414882      h
        1.78884695046475        0.40369486714028        0.21174601373748      h
        3.77449680002645        8.04356673345377        9.95560600336809      o
        5.92414720442124        9.31750073667762        6.74305765784769      h
       14.56816418697876        9.19607972170782       13.54393649042786      h
       13.10045312740819       13.49403567870603        7.75006092751683      o
        3.66700590034464        1.03141321218076        7.57354903271272      h
        1.83097637964357       10.45317593275808       12.33673441984248      h
$periodic 3
$lattice bohr
   15.13942883600000    0.00000000000000    0.00000000000000
    0.00000000000000   15.13942883600000    0.00000000000000
    0.00000000000000    0.00000000000000   15.13942883600000
$end
