$coord
       14.27233350256887       11.91390624451257        5.74230455627303      o
       10.81796771221804        0.04980559769213       13.86280724120713      h
       13.76386292927054        1.35175807189838        0.31449605840988      h
       12.27592573038696       13.84966549955829        7.88419282776280      o
        4.38557103212903        5.48884788147114       12.26245610414074      h
        9.55592039780366        9.54159180639557        4.29390864809481      h
       14.71298638292780        9.93451863530886       13.63903679452631      o
        5.92715050063076       12.30987761632246        5.94523935973721      h
       14.81025953926735        8.73738418234715        8.04975626507967      h
        2.81029314039545        3.40103295007028       13.05097662645360      o
       13.35981433078583        6.04879197277549        3.29660905144477      h
        4.02252041781275        2.22615056716390        8.76561418421703      h
       13.27408056757274        7.34151639420055        5.50264298359586      o
       13.62522913724048        9.03470673039364        7.99673830781998      h
       14.80718550237772        7.71004357716590       12.40761948924969      h
        1.90260210925362       15.09128095804468        2.53945395594814      o
        8.53687949207587        0.30988844540180       14.55454014162656      h
        6.85198446821565       11.92161219752957        6.38318648485453      h
        1.02834314563737       13.12413559856115       14.57098245827779      o
       10.50396545806626       11.87510694129421        9.75093384562195      h
        2.03577070940383        6.44698003585590       14.63693448816816      h
        2.71132736681734        7.03895834907726       11.12707446103962      o
        9.31664966259043        8.37463745751610       11.31462274799193      h
        0.63814469150228       14.42967311750594       13.30870464246923      h
$periodic 3
$lattice bohr
   15.13942883600000    0.00000000000000    0.00000000000000
    0.00000000000000   15.13942883600000    0.00000000000000
    0.00000000000000    0.00000000000000   15.13942883600000
$end
