$coord
       11.13367317485479       13.16054658460957        8.17388983949674      o
        9.95029097065003        2.09776791869412       10.03055528836425      h
       11.65635784013007        5.25226512294150        2.18343439811938      h
       13.82317121101966       13.56922734641710        5.97749641302980      o
        5.77160837746084        8.33392372938023        9.14554885692809      h
        7.86794001765146        9.33154181238364        1.56936794930097      h
        0.13033764539362        3.78427984719285        1.95829373718997      o
        9.48585361177520        1.33472907986024        5.36734098883820      h
        8.88689654082687       10.68431988333133        9.79743052977534      h
        7.42876817428139       12.47988929385610       14.78220524307880      o
        8.16369663055973        4.26657405768449       10.69637822832680      h
        9.31590468375987        5.20448178143167        2.25617721857429      h
       13.93051769755771        2.58346505992838        5.54719586096819      o
        5.33031089379099       14.60730779416514       12.05303667383031      h
        4.44590837552242       10.27591199224764        5.31772803920660      h
        3.50421334971916       13.70224884270350       11.25934980348183      o
        7.85635109547715        4.36479037095388        3.02615985955364      h
        5.97347451594690        1.85304440016420        0.39017175831372      h
        2.89099899064050        3.61823258524320        4.44205972204613      o
        6.87172611717018       14.44457234635601       10.12214444338365      h
        3.92714285811747       12.08448680510031       14.46922881800934      h
       14.65795000566359        7.58224357342303       12.20239316069194      o
        9.17288229073090        7.23503470289025       14.79737482900498      h
        1.51568965804283        2.24438855297372        9.67266598560706      h
$periodic 3
$lattice bohr
   15.13942883600000    0.00000000000000    0.00000000000000
    0.00000000000000   15.13942883600000    0.00000000000000
    0.00000000000000    0.00000000000000   15.13942883600000
$end
