$coord
        4.76358404099697       11.32281397176351       13.27995536753305      o
        1.59318638707893        8.56970127978789        0.13315946063017      h
        9.15592832005731        6.88483031175014        7.10915045371152      h
        7.03690998844984        8.36782195884814        8.04105329015341      o
        2.90891053955218        8.12006547914968        1.25780848416413      h
       13.55832753292456        7.12865025772902        0.04766059282075      h
        4.13517558809591        9.91649968050370        3.41037061710902      o
        3.85614696756757        2.42835249840208        6.46619483207262      h
       12.09150518263146       11.03243704387394        2.65587163826983      h
        9.96131882982631        7.32620427337802        1.84964603909120      o
        8.46172627439035        8.53613495577529       10.52360633599504      h
        4.58405665434656        8.90827589827845        6.30979606210562      h
        9.50818513392714        4.29821994613213       13.82689473474797      o
        3.64133489184002        8.34140548947750       12.40978951130366      h
       12.28753628592447        0.29397736611328        2.13720633800179      h
        9.14995175392337        0.18023091814837       12.81548200721143      o
        4.46841244401257       13.38360967957509        9.96982131358291      h
        3.67007778859603        6.06845393665591       13.71744969218372      h
        8.02202304079314       13.60197314894394       15.09408115382242      o
       14.14783935653267        5.84110380600518       12.90172009468523      h
        6.93937778515195        3.02187100276264        6.98708132910584      h
        8.33356982861942        0.71340990053672        3.21314667770410      o
        1.25416890025207       14.80211342882918       15.06381611188548      h
       13.00715992512082        9.23733223198528        4.16293468927012      h
$periodic 3
$lattice bohr
   15.13942883600000    0.00000000000000    0.00000000000000
    0.00000000000000   15.13942883600000    0.00000000000000
    0.00000000000000    0.00000000000000   15.13942883600000
$end
