$coord
       14.07230669290187       11.90934888886783        0.74867328128114      o
       10.55655419555866       14.09005855162053        8.26002081941530      h
       11.68379227891701        4.67611086822107       11.21290984172338      h
        8.94367154033056        3.67233277008538        2.87561785125220      o
        5.51073246185175        5.93525843427751        7.86781471081319      h
        6.41329519525300        3.71304747048211       12.53688694646441      h
        3.59514263982945       12.67326170841889        8.77081575366330      o
        6.40517721908746       14.92017389730112        1.90288219542160      h
       13.65946812635718        5.42022619181899        5.54548891281424      h
        6.61292813065960        2.30001647351364        1.43424924125917      o
       12.44143483700043        2.68325253918018        8.24719484777849      h
        4.50562788811535        5.45430356243008       12.34394108027117      h
        5.52063198960746        7.36941729337733        9.23110691202258      o
        0.86908301577023        5.71418775342601        6.63445748271997      h
        5.61180017242877       14.20785146664516        5.84962620935834      h
        1.60628543361116       12.98695570147951        5.41885238622810      o
       12.78453052772287       13.77331869418284        5.37738796196569      h
       10.21810117188020        0.41592155582742        1.14497044846520      h
        1.62496662241064        4.68597850476200       11.89721846023470      o
       10.84329712101137        2.95134309032339        8.64050694049585      h
        8.50103845981031       13.11436382505487       14.18877100628110      h
       11.11818909844343        1.58998726336653       11.66428781370623      o
        6.28870085658340        7.28185816103735        4.80449680958050      h
        8.40893609425465        0.04335778359263        6.33246701432295      h
$periodic 3
$lattice bohr
   15.13942883600000    0.00000000000000    0.00000000000000
    0.00000000000000   15.13942883600000    0.00000000000000
    0.00000000000000    0.00000000000000   15.13942883600000
$end
