$coord
        9.66877664325580        0.50949867975689       10.38696654301063      o
       13.65087246045364        8.13039309404706        3.63636891656283      h
       11.10553610607253       12.09459327540940        6.80340480299028      h
        0.09002291086289        0.30485957003829        3.50387179776247      o
        0.49249333424575       12.96923998854578        3.65620024828876      h
        7.14852181188153       13.96013047546592        2.32735981553326      h
       12.42678602898407       11.13986786438055        5.52448716263841      o
       13.56233591038407        6.32263201446364        2.58645466190177      h
        1.38998715326931       12.07739475938332       13.88412432595188      h
       12.79483843610314        6.00626810793209        3.65551477203834      o
        3.99460245369918        2.44811555729541       12.34849984345193      h
        1.72716218947492        7.76116712066241        0.73434072920192      h
       13.15902596490128       14.86027271901057        0.92993246147611      o
        5.99629425019334        7.85998806102894       11.61942050981176      h
       12.44614737601014        7.34698067867466       12.66626313363057      h
        5.99931752926461       12.65585932339673        8.63197027649463      o
        8.79629588072730        5.74973856948771       13.79161147101029      h
       12.17647534057775        0.42821194334075        7.22095265736807      h
        2.34778662952403       11.19598492506513        8.68176115994717      o
        0.47422294863303        2.88326549411969        9.42538706428631      h
        5.25695820479404        8.42637588091971        0.40614763223869      h
       13.66615176489954        2.78851167866398       13.94450876803384      o
       10.41836329279777        2.20602603225561       11.49735542894047      h
       10.52642052620111       12.71477725904041        2.24210122283841      h
$periodic 3
$lattice bohr
   15.13942883600000    0.00000000000000    0.00000000000000
    0.00000000000000   15.13942883600000    0.00000000000000
    0.00000000000000    0.00000000000000   15.13942883600000
$end
