$coord
       13.70220477307130       13.62981350418356       13.68245357125470      o
       12.15537629797505        0.05819976009431       14.47018888986183      h
        7.95519801652913        7.81396097598526       14.48310049634997      h
       11.02722404468956        8.22244373959593        9.14674157775989      o
       14.15401721453273        5.03338911422858        4.66427856181403      h
        9.73498453091532        8.52542663793569       11.84354777031796      h
       13.47684453489436       12.24935765660385        3.55844317008528      o
       14.88238908944440       14.77336087021389        9.62040715295730      h
        1.88577812278515        7.40116914249154        9.93634416786464      h
        7.12973930015567        3.85841811284666        3.10583056513437      o
        3.72858164210947       14.99304442902935       13.94838550793260      h
       10.53770598001091        9.59524863869710        8.43988115054219      h
        5.64166393965415        4.90477871021712       10.99199246120355      o
        8.56511418825854       12.30479641969887        1.55069322936838      h
        1.38883696623333       13.31463812071669        8.87128392188513      h
        1.46516210840764       12.88158929487527        6.44986270824630      o
       13.26232792321983        5.53336558920980       12.53048019829173      h
        4.66558053424022        1.50662541681673        5.88894835352392      h
       14.91474178248202        5.97324416910335       10.81130256080901      o
        6.00784538542728       13.33016246640720        2.18814249485934      h
       12.76127340598273       14.99255559396630        5.40370731247838      h
        9.54495511388392        1.55632889068167        6.05829197512731      o
        7.56384341497749        4.26148037227824       13.81070742528898      h
        2.99997218577965        4.65745664674815        6.96417146634188      h
$periodic 3
$lattice bohr
   15.13942883600000    0.00000000000000    0.00000000000000
    0.00000000000000   15.13942883600000    0.00000000000000
    0.00000000000000    0.00000000000000   15.13942883600000
$end
