$coord
        6.88502764116514       13.16129550468291       13.94305436671828      o
       10.17623276133638        0.17865887638376       12.90159085918749      h
        6.27281421482138        5.38079895774846        6.09406869642556      h
       12.82602171622140       12.33401847508847        5.36589165233153      o
        8.51512403552323       10.07914672280404       11.96827402726053      h
        5.74312748541378       12.78414819916435        6.47415991364280      h
       11.92344067299842        7.16205091877925        2.99032884460110      o
       14.96121329001668        6.81013908400028        9.79714417311084      h
        7.88468635228189        7.53274626747269        1.04726030153135      h
       13.40911437889137        7.67224408399923        8.56400568831877      o
        4.07192616672552        1.08610896723898       10.24103595444410      h
       13.22932110204374       13.30054083459359        7.28300769811082      h
        0.90530395225038       15.06402903398264        3.77982313132389      o
        4.46774863051943       12.14595245301730       15.11901811468077      h
        0.47228738656413        7.33739664897826        5.67063914227635      h
        0.58674578776176       10.52400971313625        1.89298993558117      o
        4.70813674558870        4.84700848453163        8.03945899541070      h
        3.43921452372857       10.04781901483647        6.13430376962124      h
       13.50393881156923        0.44702400919200        0.36779111030848      o
        7.07470551064660       11.92698476289882       12.94355560900085      h
        9.69824705526419       15.03170006006660        7.08034889467715      h
        2.09220925981769        0.31738930929467        0.65694761385787      o
        6.68961740995555        0.93765197769846        1.28793993746424      h
        3.85113130283835        9.50991822459882        3.44185258404494      h
$periodic 3
$lattice bohr
   15.13942883600000    0.00000000000000    0.00000000000000
    0.00000000000000   15.13942883600000    0.00000000000000
    0.00000000000000    0.00000000000000   15.13942883600000
$end
