$coord
       13.00312977023486       11.86617630462757        1.59949066714936      o
       11.69970727941554       13.63390249479097       14.55333080785306      h
        1.90715039099298        6.89022785780188        0.25279671137718      h
        7.64850315834697       13.50816049183829       12.10211940304019      o
       11.06362381336677        5.12715150188517        5.77976261185527      h
        7.33517771662673        1.71887141971821        0.02128488112437      h
        7.66126170648612       11.66552832268199       13.45648492089404      o
        1.75569812176248       10.34762326368277       10.04394027782054      h
       11.46348869527046        6.54909028669816        4.24503923197250      h
        6.93908643313934       14.58914831451349        0.23107996397790      o
        9.71947849116720        6.03807178688247        0.60695305949711      h
       14.26992949911988        3.83677676978275        8.28257103986371      h
        5.57482585297410       10.31244418776991        7.75684603955765      o
        5.48195299208802       14.56648176793484        8.09999938528852      h
        5.37310218911246        2.66223138986549        4.33288148176025      h
        0.27569944288353       12.28244855192350        3.04569935456315      o
        7.47872252367253        7.67227914441042       13.20882692256521      h
        8.24482812515225       15.05115410069151       12.43235178569942      h
        3.66410516917330        2.87951473425511       13.67946440275199      o
        3.94850774825106        9.76907260460670        0.94729354503097      h
        4.64874865163402        0.47806248197753        6.15690165110192      h
       14.18918841774297        3.00965992779256        3.45933138474290      o
        0.89792065115256       11.90251530638733       10.76446306436988      h
       11.32732022917115        9.81995119578741       13.94655991770830      h
$periodic 3
$lattice bohr
   15.13942883600000    0.00000000000000    0.00000000000000
    0.00000000000000   15.13942883600000    0.00000000000000
    0.00000000000000    0.00000000000000   15.13942883600000
$end
