   -0.62454940
    0.32305573
    0.32017809
   -0.64481366
    0.31790881
    0.33156163
   -0.65905611
    0.32746570
    0.31919071
   -0.62869151
    0.30903280
    0.31347894
   -0.64166376
    0.33851156
    0.30542517
   -0.65786925
    0.32985690
    0.32991515
   -0.66703084
    0.32642002
    0.32858428
   -0.65542409
    0.33704250
    0.31195125
   -0.65496220
    0.32239087
    0.33151680
   -0.65048230
    0.33093058
    0.33292867
   -0.62755372
    0.31714246
    0.32648177
   -0.62682742
    0.28414325
    0.34181047
   -0.63709270
    0.34256393
    0.27910813
   -0.62979439
    0.32317793
    0.31382832
   -0.62763814
    0.29878172
    0.33849857
   -0.62475796
    0.32183102
    0.31231744
   -0.62582827
    0.33544988
    0.27918933
   -0.64418013
    0.30996879
    0.31844914
   -0.66225734
    0.33459227
    0.32871355
   -0.62595962
    0.27920319
    0.34097727
   -0.65200942
    0.32727424
    0.33672560
   -0.63986617
    0.32674048
    0.32548814
   -0.66426805
    0.32203780
    0.32930267
   -0.65312792
    0.34012978
    0.31885671
   -0.63649864
    0.31151289
    0.31889332
   -0.69574206
    0.34022751
    0.33397025
   -0.66886040
    0.32994368
    0.33682903
   -0.60792403
    0.33799824
    0.29275082
   -0.62783664
    0.31650177
    0.30690358
   -0.63121388
    0.28998543
    0.33813345
