           1           2  0.86368945439811773     
           1           3  0.85698680230655877     
           4           5  0.86943557855309161     
           4           6  0.83295632813788856     
           7           8  0.83512170397210850     
           7           9  0.83900394617941854     
          10          11  0.86967627863411401     
          10          12  0.86993849239705701     
          13          14  0.79334436231287597     
          13          15  0.88649849778274159     
          16          17  0.82965645888765049     
          16          18  0.84726431068438413     
          19          20  0.81816795261685116     
          19          21  0.84543644998947620     
          22          23  0.80702787872727522     
          22          24  0.85924277372546431     
          25          26  0.85537537478636161     
          25          27  0.81270669677149576     
          28          29  0.84610551419644353     
          28          30  0.81782304274078610     
          31          32  0.87530291924488224     
          31          33  0.83598655301698199     
          34          35  0.91220373134022603     
          34          36  0.79956208493342695     
          37          38  0.78195088450412176     
          37          39  0.91494288503221599     
          40          41  0.85050037693344527     
          40          42  0.87539711791717889     
          43          44  0.90245147404464610     
          43          45  0.82633416579230989     
          46          47  0.84927313783245928     
          46          48  0.88358395058974659     
          49          50  0.80579607111960472     
          49          51  0.91581911074143962     
          52          53  0.86709540101342830     
          52          54  0.84672385942695028     
          55          56  0.82287089322078599     
          55          57  0.82599698299076474     
          58          59  0.91475457983841824     
          58          60  0.81451669762613765     
          61          62  0.85284758493877000     
          61          63  0.81521783697064754     
          64          65  0.85545296903724455     
          64          66  0.84482327371374155     
          67          68  0.83068284640812673     
          67          69  0.83774350480796089     
          70          71  0.80687406072101975     
          70          72  0.86206366820389002     
          73          74  0.86226930204241858     
          73          75  0.85058159423934199     
          76          77  0.79405096674319642     
          76          78  0.79889347132576671     
          79          80  0.81347600092605599     
          79          81  0.82079693984669888     
          82          83  0.83133247113022357     
          82          84  0.91238345946910149     
          85          86  0.86041365906227707     
          85          87  0.88573360096556430     
          88          89  0.90783790645196427     
          88          90  0.80641516466537277     
