           1           2   1.0268038331448621     
           2           3   1.9232109367373338     
           3           4   1.0287211617677918     
           4           5  0.99076592061946811     
           1           6  0.99145533462254853     
           5           6   1.0085743699683516     
           1           7  0.96116382798899069     
           1           8  0.97953714991009178     
           2           9  0.96975466633514418     
           3          10  0.96957342802953794     
           4          11  0.97964680903824097     
           4          12  0.95853215695862770     
           5          13  0.98182257493778591     
           5          14  0.98276681823145284     
           6          15  0.97903044785267346     
           6          16  0.98206501906006383     
