           1           2   1.0296860809623978     
           2           3   1.9211656588074664     
           3           4   1.0296775048048936     
           4           5  0.98953327318648021     
           1           6  0.98953459580370529     
           5           6   1.0057645543705342     
           1           7  0.95935792262598052     
           1           8  0.97992650498455636     
           2           9  0.97008039800677870     
           3          10  0.97008068981913953     
           4          11  0.97992857487715113     
           4          12  0.95936840380419031     
           5          13  0.98325961335802436     
           5          14  0.98120068713060282     
           6          15  0.98120745216751970     
           6          16  0.98325953897028517     
