           1           2  0.91886759562287801     
           1           3  0.83765596888224947     
           4           5  0.85880578972903499     
           4           6  0.86299988001024897     
           4           8  0.10002403446475563     
           7           8  0.78043453324458845     
           7           9  0.91496204729319597     
          10          11  0.80380139426138797     
          10          12  0.81382754367774734     
          13          14  0.80172599176068571     
          13          15  0.83932935661832098     
          16          17  0.85386826076089617     
          16          18  0.87323847907587449     
          19          20  0.79710306790535523     
          19          21  0.91576692786749647     
          22          23  0.85382601765052091     
          22          24  0.83092618696991638     
          25          26  0.91442681229383993     
          25          27  0.84601317779725849     
          28          29  0.85764504971039146     
          28          30  0.86962421726937378     
          31          32  0.84774739336418181     
          31          33  0.86439180392958936     
          34          35  0.84348427340874510     
          34          36  0.89334869832296970     
          37          38  0.81347187930574771     
          37          39  0.83380706275978533     
          40          41  0.81134466395493920     
          40          42  0.80781596067113415     
          43          44  0.83064121478425612     
          43          45  0.82874937027931583     
          46          47  0.84808561930502568     
          46          48  0.86196736459133572     
          49          50  0.77878743128697525     
          49          51  0.91530785869640330     
          52          53  0.86603337897950328     
          52          54  0.87005829951003799     
          55          56  0.91452120388751346     
          55          57  0.81365426392519136     
          58          59  0.88680806451473115     
          58          60  0.85530756785333106     
