$coord
       -3.18405954040894       -4.39566732323641       -5.16721091851770      O
       -4.32059843459834       -2.86239777846984       -4.76917455498891      H
       -3.31800452586383       -5.30348495132902       -3.67262143479617      H
       -5.38967350725923       -0.71000291517212       -3.17830713116610      O
       -4.82888741038717       -0.36522666344367       -1.59599595013890      H
       -6.42498310922797        0.92096166573856       -3.38577555314191      H
       -4.39528720863265       -5.79559303270371        0.72074568402137      O
       -2.78997314730488       -5.93668318083341       -0.04072114881837      H
       -4.34500192622377       -6.86358475903073        2.17575316517999      H
       -1.77894017212910       -6.34651382349176        5.12818572529896      O
       -0.16850462660827       -6.93535439025052        5.55061201334419      H
       -2.37895579437109       -5.31557158097423        6.54286193512253      H
        0.62071737906445       -2.50145918819378       -7.05915289413549      O
       -1.11886729392124       -3.20891281703274       -6.58310963309612      H
        1.84942011158776       -3.77658011932663       -7.42862841338174      H
        1.91011818322279       -1.51170832569650       -2.45837537519580      O
        3.67026989363748       -1.69889475987516       -1.93768927142573      H
        1.53130930521597       -1.77753377890703       -4.27556593953692      H
       -2.21593046419131       -1.33648107228878        2.21596614698149      O
       -2.85448468797332       -2.86131706369460        1.65939595480940      H
       -0.52329670860329       -1.18874724110524        1.74107357077553      H
       -3.10673374576926       -1.76775489362864        7.39144965037211      O
       -2.69697723486750       -1.67762196588319        5.33561161222617      H
       -4.66521705300727       -0.92266222024521        7.66348232598580      H
       -1.90864273851857        1.99330972756448       -7.00225708549226      O
       -3.57691556360299        1.51863425671153       -6.93427310946844      H
       -1.01026116700513        0.37750530769305       -7.43555289539807      H
       -7.35853598047169        3.68658676531060       -3.66378418065016      O
       -6.70530895536014        3.85377408343219       -1.88556968013560      H
       -7.55659295613240        5.39919923221568       -4.05949414618978      H
       -6.11536128877459        2.18066009426120        1.82165152413823      O
       -4.74479597854063        1.02902610075196        1.92494851190024      H
       -6.25479043285262        2.89991026460203        3.45020490392980      H
        1.79152100572075        4.45444941628761        8.21055239354990      O
        1.50339572332317        6.04974922539155        9.13445461274497      H
        3.70388455469070        4.09409207444063        8.63636890291797      H
       -1.53451323878520        7.20291755739034       -7.58491234097914      O
       -2.26511767359373        5.87884633217640       -6.67734000248489      H
       -0.70463557023444        6.29388604044790       -8.83417870935831      H
       -5.98514611015187        8.44481815796777       -4.32609356443223      O
       -5.26190159064367        9.10361256257386       -5.86561327965769      H
       -4.70701639951079        8.83685694433881       -3.09198405398359      H
       -3.08443905270021        8.35589658434115        4.97620320004542      O
       -4.28329273640663        9.69925294544731        4.89382904978343      H
       -2.65149981026975        8.37812799421796        3.12131017806482      H
       -4.17975962192346        3.48907067880068        6.31855651529052      O
       -2.95468422411630        2.72704455692446        7.31945599969020      H
       -4.07166679203706        5.35958000049441        6.43077189581677      H
        3.49872566166234       -7.25493736604851       -6.82929876145492      O
        4.58216560147528       -6.23572217219531       -5.64445912552428      H
        4.44229950065043       -7.36752337960997       -8.40169141408996      H
        0.57493036352486       -6.35538756342363       -1.24433858455124      O
        0.67162983551715       -7.21830716286456       -2.84517785617947      H
        0.92609822007909       -4.57800999959012       -1.77718121580811      H
        5.50145865952532       -5.22142473514545        1.16987782513780      O
        3.95434075705782       -5.90241457390296        0.38771687554673      H
        5.01853194958889       -3.49475628952808        1.54819655457115      H
        4.39731766476776       -6.68788343803311        6.28427556013946      O
        6.08114868180562       -7.01794732778565        7.01346586849861      H
        4.90218507846214       -6.45063191995844        4.53933924081086      H
        6.54478477101033       -4.55389991423016       -3.84130268348712      O
        6.27383354924079       -4.66156246913283       -2.02217766551037      H
        7.81365709931179       -3.32262424836995       -4.22812899709082      H
        6.69490585617724       -0.24895020974760       -0.82353429113639      O
        5.54481458644569        0.44503205102756        0.32388916169424      H
        7.18516455359939        1.01384691850564       -2.10879295973684      H
        3.20586685136058       -0.20830987761159        2.65888907765925      O
        3.04358609515445       -0.93568710697139        4.36713499777659      H
        2.66919404373582        1.41343316061093        2.89469509616494      H
        2.37777468764782       -1.90254905828623        7.16316486193312      O
        0.67440368641394       -1.91513303073167        7.97476727404809      H
        2.83849199139814       -3.59493989646163        6.81853190994991      H
        6.49338430592064        0.09874190246391       -7.21683320562559      O
        5.34241811851934        1.14277559587105       -6.22179191470532      H
        7.55344136083338        1.23809577898241       -8.15982226965050      H
       -1.48703905326355        2.80279017619324       -1.98601301560652      O
       -1.83822976126547        2.35229360392080       -3.82269311298807      H
       -0.77132723040931        1.37655276298431       -1.15133521133358      H
        0.99956281348213        4.33177019989941        3.26291089541480      O
        1.04028245354638        4.73874514414063        5.10080803341572      H
       -0.77792860071021        3.77805521913442        2.88742379996566      H
        6.50252512358982        1.81635195041193        8.50425251382741      O
        7.91462464103731        2.37095023672910        7.41089663445257      H
        5.33160600727669        0.59901131785321        7.70916284462693      H
        3.41777570670529        4.14661729581877       -4.90160971498029      O
        3.01848344328163        4.40357631843046       -6.66937356986413      H
        1.81159564230947        3.61688044035587       -4.21299032207479      H
       -2.45688695940428        7.45481701635422       -0.12277549897209      O
       -0.60235745717871        7.44668234588021       -0.63900696523124      H
       -2.98544620602198        5.71190416921773       -0.39353709690513      H
$end
