$coord
       -4.83105210383543       -3.23384000563330       -4.15546525534799      O
       -5.91050298657468       -1.70068585388256       -3.91589301583155      H
       -5.01251723129120       -4.45061888244422       -2.76749297641371      H
       -5.69048964251941       -0.96447225766829       -8.80950632612883      O
       -5.25398944956873       -2.58920177301049       -8.61043235499859      H
       -7.05234194600561       -0.61541871113227       -7.61173689996279      H
       -3.89045608429786       -5.91151620570135        0.37302595177956      O
       -2.29541320846374       -5.92010481497537       -0.50426447761945      H
       -3.90756281663632       -7.42264147842190        1.40364492249709      H
       -1.74105208738954       -8.44342955195061        5.29840638056619      O
        0.07229480640086       -8.71421066655112        5.06655454073255      H
       -1.96045327955548       -6.88588539319670        6.17510290516437      H
       -0.66076313845349       -2.87539591836433       -7.08322402906881      O
       -2.14895701405832       -3.01548289324829       -5.99688560057798      H
        0.74231701135198       -3.70872614675729       -6.01011511118991      H
        2.13539744063486       -0.92599592563519       -1.54457397999274      O
        3.81285238356227       -0.53988985865944       -0.94605611071679      H
        2.16415220985908       -0.85425318412845       -3.35921467992159      H
       -2.59413300999954       -0.75568723636235        1.07052926376220      O
       -3.46149792784278       -2.30215977225004        0.57147806352379      H
       -0.89136189529165       -0.74499303715006        0.37078908072716      H
       -1.47165415390135       -2.15747407912140        6.51317876282077      O
       -1.74027631814780       -1.86615103086384        4.60554904317126      H
       -2.42072876944214       -0.92872284920660        7.44749734816917      H
       -1.47426003175429        2.12609495175828       -8.23186313578550      O
       -2.40052103007617        2.84138531109289       -9.60665933229673      H
       -1.57395876140838        0.34068743459713       -8.38972209572779      H
       -7.67028592770042        1.75504704821645       -3.51252692541592      O
       -8.48430455566248        2.23138302028416       -1.91684914412539      H
       -6.16074453492312        2.71051217910909       -3.41307068612045      H
       -6.88140176732917        2.35931152276654        2.77262806082407      O
       -5.92281226751569        1.29567435819598        1.51500637962435      H
       -6.02217259869925        1.89696376637512        4.45411053095340      H
        5.48539053102886        3.35886056887500        5.31948248731238      O
        6.41354351993103        4.66512649339779        5.98389716486146      H
        4.76315949279746        2.49251695830084        6.72742414164559      H
       -5.46170376710274        6.27482190356232       -5.95467602631541      O
       -5.23766662569419        4.71405573406609       -6.66897482550244      H
       -7.28526413877591        6.63449594539503       -5.81749327107356      H
        0.30150892777922        7.66096051057490       -5.53944983644582      O
       -1.50547831996966        7.18681545021732       -6.01412485979285      H
        0.16964442635944        9.43508409187179       -5.34736199586256      H
       -2.22885314649246        5.90969841920084        6.66479677456660      O
       -0.62790574846344        6.61038643229885        6.94022725923995      H
       -2.98586453958932        6.53051349695434        5.04106357305701      H
       -4.25923922913913        1.52019139573442        7.79082287488417      O
       -3.41627998619199        3.20791913763026        7.69308355700261      H
       -5.66171460778902        1.70714363787096        8.82285797813703      H
        4.94138225835952       -5.83244584942637       -4.71458131591305      O
        6.02782268457682       -4.69990095349821       -3.88815169385514      H
        5.64040728458038       -6.94241214170060       -5.94493091788960      H
        1.15838380953767       -6.37625409854039       -1.11465647159602      O
        1.77874518685751       -7.01221891527995       -2.70608940667681      H
        1.51716314921481       -4.55729247952625       -1.24923199120617      H
        3.18547070682246       -8.13992001013500        3.99150612161004      O
        2.89776520509662       -8.27566162614786        2.22791553575019      H
        4.12207477364836       -6.55524998650938        3.93641001901999      H
        0.90356096157294       -2.50850591870355       11.41057496342824      O
        0.24213443411384       -2.53859496077963        9.60101081860815      H
        0.30567370311747       -3.89741207838415       12.27609871264619      H
        8.21295104819757       -2.01367464563525       -4.09540030129793      O
        8.67350284512380       -1.06584760183913       -5.64046111179175      H
        7.93050011016044       -0.55670378306911       -3.05560696030321      H
        8.08057018218019        2.05139027306966       -7.10990066536064      O
        8.69841088766373        3.04280873815042       -5.76634319390185      H
        6.21320578267138        2.01058670043937       -6.67737913201119      H
        6.78106662418100        0.65199438893912        0.74687185691609      O
        5.70988838841442        0.17532414045879        2.13266884631436      H
        6.89692432843531        2.52840168746173        0.95432659138285      H
        4.46576474771497       -2.60283869550589        4.31293133735822      O
        2.70495708168151       -2.88104309559640        4.70335147472413      H
        5.16923591274088       -2.09632222604934        5.84357238664016      H
        3.27000779024701        2.26779677381345       -5.87886749231323      O
        3.06603157059991        3.57342278314997       -4.53040752441725      H
        1.64848889630771        2.42960194852580       -6.93248901785820      H
       -2.47979329016549        3.36219729723437       -2.80828078426144      O
       -1.17775583191488        3.64606850802753       -4.09184467664086      H
       -1.55593827177997        2.05856074558363       -1.75383360739002      H
        1.12276083846560        2.96540322182093        2.42305112023484      O
        2.70768594359371        2.73981527508227        3.44668012247976      H
       -0.11985135455643        2.23340924534733        3.57860414420589      H
        2.39650435295841        2.14931562566469        9.78903349632579      O
        1.02196633237681        3.36142351577273       10.16377715010767      H
        2.61632936545298        0.97357983324628       11.12041406278030      H
        3.38803425475882        5.52965607936415       -1.45820858789531      O
        2.47101864715643        6.83570066468697       -2.36428270322623      H
        2.45126684859953        4.90813365895632        0.11364285826631      H
       -3.62815697098946        6.33599435120107        1.60351126277275      O
       -2.74598864126752        5.56574156079662        0.26661311124276      H
       -5.21491299701455        5.40040599868851        1.72593713258133      H
$end
