$coord
        2.36999305085763        0.76310292494093       -1.92265529727063      O
        3.03531258091008        0.42493012948580       -3.60635683577865      H
        3.44009260628413        0.32110449485878       -0.47971095722315      H
        3.12400332572569        6.00742838849330       -0.72558858903398      O
        2.44554695056793        5.74513201740391        0.93707492094697      H
        2.44406811870175        4.37159431367775       -1.40915140563663      H
       -2.49012794727289       -9.07938153727341        4.46821160320146      O
       -4.09926842664674       -8.82030480032581        5.25306247952761      H
       -2.46774220784437      -10.73955072853774        3.76174771216703      H
       -3.04456876051271        2.51254797408136        1.12905113870207      O
       -2.04042052598695        4.00731484851769        1.46984514373758      H
       -2.10623632465472        1.39150047838812        0.00277747865572      H
$end
