$coord
      -19.50443968433635      -16.36083236945970      116.32972611617548      O
      -19.83105003620634      -14.76971546053007      117.15488320117665      H
      -18.96514704001491      -15.96843569038462      114.62897285733899      H
       16.82946124507408       27.76179681163088      -36.03473903737041      O
       18.61874863490213       27.95589456658391      -35.77444477274741      H
       16.25849567310161       26.50147012031417      -34.85532505671310      H
        5.60296620908801       -4.38393194147625      -18.16543797378619      O
        6.54140083152633       -2.83246228097594      -18.10082590374784      H
        5.92217880085381       -5.15286215195591      -19.78654170384325      H
       -3.01735357436058       -7.19331272121869      -59.18187139274907      O
       -4.58224873707454       -6.44327850121452      -59.75206764669524      H
       -2.53240674228483       -6.50946843340340      -57.56390494321506      H
$end
