$coord
       -8.01735028043537       -9.06573411997911       51.82627636532000      O
       -6.55223711709174       -8.04569517981727       51.72650404531034      H
       -7.61278808079175      -10.55585983042298       50.82852877832772      H
        7.79430860413333       12.50631991375690      -14.37501660616032      O
        7.24322173786848       14.09714752847741      -13.66399640236610      H
        6.23626868285513       11.58557541283004      -14.65123230780806      H
        2.94722847546957        6.88558470914799      -13.54960714464923      O
        3.10180238588257        5.16965307014345      -14.10095533599235      H
        2.85688645790414        6.85221491979938      -11.74538359102812      H
       -2.70654215898036      -10.33603578151337      -21.05219185108737      O
       -3.63900557924627       -8.84989249500186      -21.46732028461442      H
       -1.91628053835411      -10.13454129834947      -19.40398613564926      H
$end
