$coord
      -15.36679723640330      -16.27209624526949      121.86672193841055      O
      -14.82801065984801      -17.82665935930511      121.09186962290433      H
      -16.46037787865516      -16.67756615420825      123.26555826131207      H
       28.12664544852263       43.23296163906788      -35.69894541226791      O
       29.19540235450308       44.43549820190947      -36.53722164434958      H
       27.66195160465914       41.96821936468380      -36.91494220354922      H
      -18.38209959072729      -14.90095244252232      -17.26786512730990      O
      -19.73412933572452      -15.46234804444964      -16.19235403835341      H
      -18.13762063277251      -13.14173219139729      -16.85935662123345      H
        5.68057774904451      -12.04015705702969      -65.83397181072992      O
        4.62874830182361      -12.82706512149637      -67.09534400686159      H
        6.74102071993698      -10.82366570645335      -66.69958297636802      H
$end
