$coord
       -6.35848760518704       -7.67026665081998       42.26623560038148      O
       -6.13349480523720       -6.46339713760696       43.61135746966255      H
       -4.86365922410166       -7.78618712022369       41.25159300473832      H
        9.34086479472015       11.92518478634406      -10.36365459254313      O
        8.98636095226364       13.02142750259473       -8.96844728808477      H
       10.20259606118900       12.86482639263241      -11.64530067993885      H
        0.08289309574695        5.96157052135413      -13.11736611447308      O
       -0.86830058059996        6.47250354696954      -14.55040653654641      H
        1.61826733790093        6.93356366089683      -12.99541035156589      H
       -3.10278454660205      -10.48803452282104      -15.77733990674567      O
       -3.98734644229229       -9.03911760790606      -16.45463748477741      H
       -4.35404574990922      -11.69828343289861      -15.26112266931728      H
$end
