$coord
      -19.74072088137211      -17.14720568229878      125.34636293919444      O
      -20.52934999603282      -18.31321128319938      126.50613723844255      H
      -19.14384436387413      -15.74324642295070      126.34851146098254      H
       21.34379653181139       33.69290612778294      -35.25232368817277      O
       19.95328949279202       33.27855541016099      -34.16530556772212      H
       22.86636885043940       33.56686164779681      -34.27907805761362      H
        0.18960591686721       -5.65281445438093      -15.64199286855780      O
       -0.22813914264000       -5.36698411288461      -13.89669036068075      H
        1.43761882803806       -4.41013409591074      -16.08066697583306      H
       -1.73776794463003      -11.01341186381966      -71.75500444938821      O
       -3.40260559862821      -11.75635178563225      -71.95159247759373      H
       -1.83175166287000       -9.36638357556612      -72.52054590965689      H
$end
