$coord
      -17.76974367643302      -15.95105869666276      107.16093019009737      O
      -18.98257110925026      -17.11708900587140      107.85581493330362      H
      -18.18274567240350      -14.26572201660067      107.68445870149731      H
       16.46651846041861       25.61773719153162      -35.36837562778833      O
       17.75212919098221       24.47170977454102      -34.78576279813142      H
       16.11536396271364       26.71406336752070      -33.95811352561621      H
        3.68935700562699       -1.59395667411943      -16.71234770387331      O
        5.26886367616057       -1.71253119027489      -17.60955778948960      H
        3.72294718354629       -2.79115433169197      -15.34333271144811      H
       -2.46289440978534       -8.13140709041760      -52.38162079967803      O
       -1.66581711470555       -7.87250147002123      -50.74754792688439      H
       -2.79984218212977       -6.52708219445462      -53.15989462494603      H
$end
