$coord
       -4.98069404300803       -6.67000567966035       32.22483526560089      O
       -5.60313756709318       -8.25457860127595       32.99695920736483      H
       -4.47372160205597       -5.66871850651945       33.63724429713448      H
        9.26018816674940        9.98198183671494       -9.09870595847265      O
       10.15767329607401       10.40834327948310      -10.65007799150786      H
        8.60662555591418        8.28582968092887       -9.33450586578298      H
       -1.59522578488251        5.25068278119844      -11.54804766312035      O
       -1.31407221632390        6.88285697222790      -12.33405579442296      H
       -3.21976435720194        5.19159113891198      -10.78204366914098      H
       -2.66618882913615       -8.44284369603863       -8.61978934914921      O
       -1.24223617903046       -8.73104593116851       -9.73037698528069      H
       -3.20045663504310      -10.07048706747669       -8.02222417168795      H
$end
