$coord
      -15.66448691137353      -14.97229287796399       98.32098034515410      O
      -14.30465216012798      -14.65552755606692       97.14883829325835      H
      -16.47309990773151      -16.48416910905658       97.74261361344401      H
       15.76840268839656       22.48158260997327      -31.70036895107733      O
       16.11386342144739       22.08674531643439      -33.43569848121535      H
       16.37986216061515       24.15676265163685      -31.36315738225853      H
        0.77396535242118        1.43678105798155      -16.20036530338797      O
       -0.54639509816957        0.24338850108101      -15.84235819552832      H
        0.23253540328548        3.02930857579421      -15.48804873097117      H
       -0.88935058118472       -8.89670339777816      -47.26859331458028      O
        0.51589524049761       -8.73535828331216      -48.43713151136797      H
       -1.73433296515923      -10.47023545347784      -47.63779121373810      H
$end
