$coord
      -17.04787553964164      -16.08582817263290      123.16242499446469      O
      -16.37426380554337      -14.49198784419108      122.58006219158169      H
      -16.51047790535817      -17.33204582527267      121.94811250406015      H
       26.41013263538541       40.72919922148539      -34.73242383347097      O
       25.87728475389020       41.77354970020803      -33.34526790433056      H
       27.93524354857945       41.47399191507424      -35.38254524962598      H
      -12.06431481724024      -13.36416598491825      -14.93979913971052      O
      -11.38962088390633      -14.63551589667401      -13.83486595010228      H
      -10.70978427553682      -12.51039190955921      -15.79277435718410      H
        2.54605581765848      -11.46292146401583      -70.50069357739805      O
        0.93829490524365      -11.56255305001864      -69.63843681861395      H
        2.72943298247685       -9.81493047332838      -71.25280519743802      H
$end
