$coord
        2.83223748514296        1.10114895548198        2.74308381946472      O
        3.70427769388995       -0.37102262134449        2.13566255467216      H
        2.27237228974193        2.51336041891587        1.66583421819513      H
        0.26459174595201        2.08862099618270       -2.63410576816126      O
        1.57706515989139        0.94603668027316       -2.13909196927486      H
       -1.00448307735727        1.86020164101830       -1.41972109713189      H
       -2.65734616607869        2.65839381561693        2.20485895880791      O
       -1.42075223115485        3.16766099596954        3.53903646125702      H
       -3.86645083067642        1.86051006411812        3.25065338719440      H
       -0.46560337017718       -5.81096785754669        0.39543057960103      O
       -0.63575396756135       -3.96593756976416        0.78527560773620      H
       -0.20819400582259       -6.64515848951653        1.94751695674933      H
$end
