$coord
      -20.24138498082556      -17.13106202700523      122.71768725054822      O
      -21.20665286366624      -17.36319837698993      124.25760608491046      H
      -19.08425531987512      -15.76835149902459      123.05795062337219      H
       18.62656476617452       30.01763730665593      -36.90653298880314      O
       19.86932538145487       31.26409977260634      -37.35008796561579      H
       19.50574926690135       28.51369330150512      -36.39941474436404      H
        3.98871741412509       -4.66790834676007      -18.16375889878827      O
        4.66191831197586       -4.00504182080199      -16.61356999242070      H
        5.16662782059394       -4.28443433281754      -19.49204222863704      H
       -2.57262416704435       -8.43000473036302      -64.86493690945508      O
       -1.76735419799251       -6.81816805915682      -65.16011742138581      H
       -3.96567348466189       -8.19655644777052      -63.70616850268750      H
$end
