$coord
      -13.94868696441722      -14.09760146503479       89.06516623142153      O
      -13.50989803118988      -12.68504805574555       87.99976156515157      H
      -14.56292090325822      -15.46404813086330       88.02588122200518      H
       14.48781612309779       20.45245696988853      -28.94347914187425      O
       16.19204608283288       19.86912863494755      -29.15094327597361      H
       14.21419533724815       20.73519932056905      -27.17786340282042      H
        0.22565175204271        3.04475041034597      -16.03666634080261      O
       -0.83540240278031        4.39565176656822      -15.42413231967046      H
        1.37574689044464        3.85894812389361      -17.17912837016452      H
       -0.80310547746222       -9.60939574805389      -41.11529872331392      O
       -1.54511983438287       -9.36015039413894      -39.47063750481841      H
       -0.71530518522488       -8.03240524041067      -42.02488777458399      H
$end
