$coord
        3.25205479795123        4.73505032712974       -4.17106319861113      O
        4.26806242927845        5.99558956629843       -3.48338539355354      H
        1.55400652740177        5.03207087670463       -4.12373102915178      H
        2.78455481303453       -0.11128777875513       -0.09640579274077      O
        1.97467884227151        0.00437182007656       -1.69337152050899      H
        1.78393587641084        1.23953406138407        0.70095057816511      H
       -3.03713877568710       -4.52178582325424        6.40876797694250      O
       -4.77161654857242       -4.63469861077545        6.88729596541773      H
       -2.23096712464255       -6.00735725152565        7.06596734611818      H
       -2.82597804215797       -0.10576684628191        0.66283293147631      O
       -1.50704956889484       -1.32823760465689        0.75657820573828      H
       -3.84666018936465       -0.27986963345982        2.13708918136422      H
$end
