$coord
       -3.22730444107911       -5.14362206039020       20.98511469155604      O
       -3.62978879542511       -6.13403111991648       22.45989017424304      H
       -2.34629562161378       -3.55653538875775       21.39289726767290      H
        4.70024253931896        7.12782779596114       -7.56904690120053      O
        5.21332696798905        5.65945990456855       -6.64666375044854      H
        3.75815403244490        6.60078458535104       -9.00245368009687      H
        1.61701327094726        2.71877567041959       -7.94176965451297      O
        1.15154033913234        1.59133232175720       -9.30746182086689      H
        2.45518514937209        1.67742644019109       -6.75775195894636      H
       -3.04921254071485       -4.60003876688041       -2.59965790802867      O
       -4.62981188710641       -4.51987103834033       -1.69020138262633      H
       -2.62393550543929       -3.00482313062359       -3.32895252920756      H
$end
