$coord
       -0.66469606646258       -2.65095330320939        5.45191074724104      O
       -1.80796198023878       -2.81721303495695        6.81811971647264      H
       -1.25687098830776       -3.77450415944385        4.06313766066044      H
        3.36844377901607        7.42755605722458       -3.35109368252733      O
        3.78735591712886        9.09505967369386       -2.75929940890170      H
        1.61042032313247        7.56396654494304       -3.68782514114340      H
       -0.20479243038882       -6.41688283512212        0.41532438520660      O
       -1.71785751717287       -6.32593512777842        1.38653938311026      H
        0.64632805177355       -4.78706029547625        0.65748650359939      H
       -2.41065693538798        1.52748008340311        0.36683545171491      O
       -1.08041496384670        2.72870125356193        0.81963067593138      H
       -1.59354815426785        0.08248152458100       -0.31186889015941      H
$end
