$coord
      -11.97356258647828      -12.81601309320204       76.17481750758681      O
      -12.58369791925197      -14.34449217365711       75.42565374898408      H
      -13.33194874263241      -12.21169409245871       77.23220305975458      H
       12.71390507630334       18.03109318031596      -26.52779450279123      O
       12.23342863579106       19.44705842549707      -25.50737323708582      H
       14.38859552213210       17.58740728519941      -26.00493203760592      H
        0.66400994644533        5.22733683639064      -12.78639939266203      O
       -0.76234554168533        5.88611811360356      -11.90507459039335      H
        1.14430036297367        3.69297105015976      -11.93285839524820      H
       -1.28649135765413      -10.50733511221936      -34.14010173746269      O
       -0.04242048377031       -9.17786608682403      -34.00134317199464      H
       -2.93144726259684       -9.88008659271206      -33.72117111914667      H
$end
