$coord
       -9.88680678775759      -10.98140523484328       63.67075756006177      O
       -9.20028005595157      -11.81214253725468       62.19530982276049      H
      -11.37622868515556      -11.83404870890629       64.18333331683006      H
       10.54228950677743       15.22003822455569      -20.75388482552895      O
       11.13279795042189       16.89566688710160      -20.39945170500079      H
       10.05164854761217       15.11672323835734      -22.49790614680179      H
        1.34857343386088        6.20678673073759      -12.72599122157612      O
       -0.08673200332742        5.11164687675969      -12.99442371290695      H
        0.96049355872792        7.34968438018465      -11.36585606219573      H
       -1.84149197881255      -10.53957958113633      -27.23317710739892      O
       -3.49976748874668       -9.83215890936271      -26.92622985236797      H
       -0.58269017793352       -9.52810594766135      -26.40445075466783      H
$end
