$coord
      -18.80064703442075      -16.74147027222702      124.34764532554033      O
      -19.70585365655035      -18.21882872807956      124.93827959158921      H
      -19.39573883038897      -15.37698008154249      125.39436326266976      H
       24.21424923110992       38.18387083364908      -34.67201430254934      O
       23.77400160128719       38.77990821397904      -33.01849498659487      H
       26.00852377640926       37.91564792004046      -34.69288752133973      H
       -4.46905094248256       -9.14066410658734      -12.91173569827995      O
       -3.43030458844322      -10.35601578635075      -13.77811237864066      H
       -5.56753284724008      -10.10905900800094      -11.83656944863750      H
       -0.87231824810228      -12.08676201291431      -74.02579268091139      O
       -0.24412980272512      -13.58802375452506      -73.21163836758872      H
       -2.59447907355130      -12.52534837836708      -74.49111773830593      H
$end
