$hessian                                                                        
        0.6141509816  -0.0706004471  -0.1106940543  -0.1786226301   0.1669508414
        0.0638964459  -0.0437574262   0.0205915188   0.0063837705   0.0006339616
        0.0074060373   0.0019993584  -0.0042767731   0.0000321997  -0.0031171251
       -0.0045375561   0.0002962095   0.0078087607  -0.0806024914  -0.0933769652
        0.0121487621  -0.3022200083  -0.0239923864   0.0265437657   0.0059456280
       -0.0087944383  -0.0036259195  -0.0059325782   0.0006299363  -0.0008323158
        0.0001991040   0.0004749749   0.0007088113  -0.0016169994   0.0005279199
       -0.0005326725  -0.0004139630  -0.0002483270  -0.0004313654  -0.0004230536
        0.0001361224  -0.0003359463   0.0007226029   0.0000906752   0.0000629887
        0.0007512014  -0.0001238713   0.0000167356
       -0.0706004471   0.6738790347   0.0401907387   0.1286870274  -0.3177248985
       -0.0816339234   0.0496946996   0.0151255976  -0.0007908031  -0.0074019226
       -0.0170731823  -0.0164119144  -0.0213121060   0.0001231505   0.0120132260
        0.0233722010  -0.0034378717   0.0239548260  -0.0913990754  -0.2738565956
        0.0327329753  -0.0214119171  -0.0461362742   0.0016316053   0.0141490998
       -0.0300444491  -0.0057457621  -0.0003958835   0.0008901314   0.0003321292
       -0.0004989891  -0.0002764723   0.0000908355  -0.0028944967   0.0001537090
        0.0020255989   0.0003745675  -0.0003483053  -0.0017501547  -0.0001811842
       -0.0002405215  -0.0015629214  -0.0002203587  -0.0010993860  -0.0058842240
        0.0000387850   0.0000663333   0.0008077682
       -0.1106940543   0.0401907387   0.0892984639   0.0211820712  -0.0622081887
       -0.0510416811   0.0414771496   0.0123151353   0.0003343639  -0.0019943703
       -0.0164026287  -0.0254731074  -0.0395279189   0.0017815566   0.0199503590
        0.0474684611   0.0068743850   0.0386128656   0.0146987835   0.0227282035
       -0.0209329548   0.0294408858   0.0012662244  -0.0332911494   0.0009780884
       -0.0028278330   0.0022780939  -0.0001553764  -0.0006368488   0.0056933162
       -0.0000514368  -0.0002308204  -0.0006400978  -0.0002239313  -0.0005750711
        0.0031948323   0.0000749463  -0.0004379930  -0.0028125110   0.0002530537
       -0.0001024312  -0.0031009089  -0.0014265399  -0.0012477947  -0.0099608405
       -0.0014998115  -0.0004866339  -0.0121090439
       -0.1786226301   0.1286870274   0.0211820712   0.6165788068  -0.0376154989
       -0.0448031123  -0.2666189344   0.0390034358   0.0005879280  -0.0437434149
       -0.0496938871  -0.0415016298  -0.0333617549   0.0016645803   0.0253082451
        0.0332658854   0.0051021883   0.0315407028   0.0096211516  -0.0091924035
        0.0049352549  -0.0208265624   0.0255328861   0.0088023843  -0.0958336393
       -0.1033736281  -0.0028245958  -0.0182129627   0.0021117448   0.0044562106
       -0.0009748967  -0.0023475483  -0.0010019983  -0.0010430125   0.0009047328
        0.0050351946   0.0000936033   0.0000194737  -0.0026494098   0.0002309604
       -0.0003343879  -0.0032884217  -0.0004395796  -0.0004611613  -0.0030574273
       -0.0001130201  -0.0000075541  -0.0027213965
        0.1669508414  -0.3177248985  -0.0622081887  -0.0376154989   0.6692594292
        0.1213588937  -0.0390115579  -0.0893162626  -0.0022887263  -0.0205975040
        0.0151203964   0.0123119563   0.0186604774  -0.0014471971  -0.0132189393
       -0.0228095458  -0.0046287224  -0.0235342650   0.0108691058  -0.0278860830
       -0.0134017088   0.0005120218   0.0000503476   0.0008110991  -0.1020368867
       -0.2393287943  -0.0218618720   0.0266394067  -0.0031618112   0.0000603271
       -0.0024927487  -0.0030805028  -0.0036843139   0.0007725106   0.0008177475
       -0.0015646109  -0.0001381061   0.0001050160   0.0014968645  -0.0000203674
        0.0001576244   0.0013375693   0.0000647902   0.0002118345   0.0019561605
        0.0002530615   0.0008518764   0.0024297543
        0.0638964459  -0.0816339234  -0.0510416811  -0.0448031123   0.1213588937
        0.1538356687  -0.0006342307  -0.0022819571  -0.0465622050  -0.0063935133
       -0.0008000573   0.0003225630   0.0046624723  -0.0033161218  -0.0050594979
       -0.0099238823  -0.0047675550  -0.0165863808  -0.0023822717  -0.0004367695
       -0.0020360071   0.0023046132  -0.0028350920  -0.0010646132  -0.0079777151
       -0.0220048312  -0.0372148621   0.0024577056  -0.0004638406   0.0009109188
       -0.0028524255  -0.0023099826   0.0086306345   0.0010379449   0.0001509350
       -0.0041331702   0.0001188587  -0.0000894719   0.0003852269   0.0000427301
        0.0001170395   0.0001755394   0.0002065145   0.0000854881   0.0002948586
        0.0002398656  -0.0007727538  -0.0008569925
       -0.0437574262   0.0496946996   0.0414771496  -0.2666189344  -0.0390115579
       -0.0006342307   0.6165576158   0.0375858228   0.0449100385  -0.1785831684
       -0.1286685299  -0.0211997953   0.0332727550  -0.0051071270  -0.0315674402
       -0.0333664434  -0.0016583902  -0.0252857777  -0.0010425646  -0.0009057162
       -0.0050347938  -0.0009750616   0.0023464718   0.0010026164  -0.0182085200
       -0.0021134131  -0.0044615342  -0.0958503840   0.1033909528   0.0028186659
       -0.0208218119  -0.0255323425  -0.0088131512   0.0096213184   0.0091950073
       -0.0049311235  -0.0001122869   0.0000071078   0.0027229642  -0.0004403044
        0.0004633095   0.0030617526   0.0002308738   0.0003330055   0.0032863150
        0.0000943429  -0.0000193004   0.0026483444
        0.0205915188   0.0151255976   0.0123151353   0.0390034358  -0.0893162626
       -0.0022819571   0.0375858228   0.6692711795   0.1214160542  -0.1669376288
       -0.3177477196  -0.0622431937   0.0228299769  -0.0046371616  -0.0235742662
       -0.0186740410  -0.0014438348  -0.0132114874  -0.0007722103   0.0008172302
       -0.0015656192   0.0024940656  -0.0030805118  -0.0036814559  -0.0266405031
       -0.0031634872   0.0000511873   0.1020532600  -0.2393155531  -0.0218495390
       -0.0005135602   0.0000479679   0.0008080703  -0.0108624841  -0.0278861377
       -0.0134100829  -0.0002527705   0.0008526869   0.0024340862  -0.0000640768
        0.0002124194   0.0019596127   0.0000206815   0.0001578083   0.0013361714
        0.0001385134   0.0001057787   0.0014972841
        0.0063837705  -0.0007908031   0.0003343639   0.0005879280  -0.0022887263
       -0.0465622050   0.0449100385   0.1214160542   0.1538782889  -0.0639374147
       -0.0816937037  -0.0510531065   0.0099407680  -0.0047761292  -0.0166230630
       -0.0046756309  -0.0033177357  -0.0050655099  -0.0010377550   0.0001501632
       -0.0041360192   0.0028502616  -0.0023090937   0.0086339151  -0.0024616868
       -0.0004650166   0.0009093640   0.0079703962  -0.0219914982  -0.0372096556
       -0.0023077749  -0.0028396894  -0.0010683403   0.0023857422  -0.0004353202
       -0.0020379221  -0.0002403224  -0.0007738001  -0.0008579409  -0.0002068558
        0.0000868155   0.0002957624  -0.0000427359   0.0001176404   0.0001761510
       -0.0001187285  -0.0000891572   0.0003859173
        0.0006339616  -0.0074019226  -0.0019943703  -0.0437434149  -0.0205975040
       -0.0063935133  -0.1785831684  -0.1669376288  -0.0639374147   0.6140890981
        0.0706085779   0.1108027368  -0.0045412645  -0.0002956638  -0.0078160238
       -0.0042884313  -0.0000315873   0.0031214254  -0.0016170926  -0.0005274709
        0.0005313369   0.0001991492  -0.0004739622  -0.0007088774  -0.0059336013
       -0.0006299843   0.0008296840   0.0059448469   0.0087973755   0.0036267924
       -0.3021911055   0.0239732755  -0.0265885777  -0.0806085660   0.0933713308
       -0.0121602532   0.0007522542   0.0001238589  -0.0000175482   0.0007243309
       -0.0000920119  -0.0000639806  -0.0004226474  -0.0001352956   0.0003364425
       -0.0004143489   0.0002486130   0.0004321413
        0.0074060373  -0.0170731823  -0.0164026287  -0.0496938871   0.0151203964
       -0.0008000573  -0.1286685299  -0.3177477196  -0.0816937037   0.0706085779
        0.6738736780   0.0402213704  -0.0233874995  -0.0034392026   0.0239883512
        0.0213238902   0.0001176053   0.0120000774   0.0028937427   0.0001539350
        0.0020261012   0.0004985622  -0.0002767115   0.0000896933   0.0003953326
        0.0008898237   0.0003325455  -0.0141452147  -0.0300452687  -0.0057521264
        0.0213919769  -0.0461359289   0.0016369777   0.0913916592  -0.2738133830
        0.0327485977  -0.0000391159   0.0000671210   0.0008118010   0.0002188203
       -0.0011017981  -0.0058950304   0.0001808519  -0.0002403754  -0.0015611574
       -0.0003752041  -0.0003489894  -0.0017508115
        0.0019993584  -0.0164119144  -0.0254731074  -0.0415016298   0.0123119563
        0.0003225630  -0.0211997953  -0.0622431937  -0.0510531065   0.1108027368
        0.0402213704   0.0893324427  -0.0475280808   0.0068866359   0.0386747216
        0.0395787775   0.0017746110   0.0199368298   0.0002238402  -0.0005749290
        0.0031968650   0.0000511362  -0.0002305631  -0.0006427462   0.0001532439
       -0.0006362101   0.0056941796  -0.0009777478  -0.0028272559   0.0022781609
       -0.0294839376   0.0012669108  -0.0333016072  -0.0147138116   0.0227439429
       -0.0209319653   0.0014987615  -0.0004860551  -0.0121317651   0.0014267457
       -0.0012537580  -0.0099857438  -0.0002536118  -0.0001024992  -0.0031010261
       -0.0000759855  -0.0004390488  -0.0028146952
       -0.0042767731  -0.0213121060  -0.0395279189  -0.0333617549   0.0186604774
        0.0046624723   0.0332727550   0.0228299769   0.0099407680  -0.0045412645
       -0.0233874995  -0.0475280808   0.7115402159   0.0101349653   0.0880834905
       -0.4421933111   0.0031158111   0.0375650019   0.0005947041  -0.0006241985
        0.0040739903  -0.0000901542  -0.0001643140  -0.0010670860  -0.0000474527
       -0.0002147227   0.0017651310   0.0000564679  -0.0002970266   0.0017977618
       -0.0008240781  -0.0002539077   0.0026477691  -0.0007165314  -0.0010160825
        0.0064257968  -0.1083322913   0.1103664468  -0.0392429319  -0.1092334389
       -0.1163004352  -0.0160248308  -0.0208522992   0.0032571492  -0.0074865307
       -0.0209947934  -0.0047945339  -0.0060848025
        0.0000321997   0.0001231505   0.0017815566   0.0016645803  -0.0014471971
       -0.0033161218  -0.0051071270  -0.0046371616  -0.0047761292  -0.0002956638
       -0.0034392026   0.0068866359   0.0101349653   0.5745913327  -0.0525495863
       -0.0030380543  -0.0815975480   0.0038035763   0.0004632939   0.0001223471
        0.0004775276   0.0000264231  -0.0001405129  -0.0001187368   0.0000438864
        0.0000856582  -0.0000873484  -0.0000287216  -0.0004621930  -0.0001337505
        0.0002520093   0.0001883990  -0.0003333969  -0.0002309466  -0.0004712216
        0.0026651122   0.1092754391  -0.2350630741   0.0502617336  -0.1136016286
       -0.2440332370  -0.0054902515   0.0276280229  -0.0019946424   0.0001225239
       -0.0272186779  -0.0018248972   0.0008066554
       -0.0031171251   0.0120132260   0.0199503590   0.0253082451  -0.0132189393
       -0.0050594979  -0.0315674402  -0.0235742662  -0.0166230630  -0.0078160238
        0.0239883512   0.0386747216   0.0880834905  -0.0525495863   0.0848722475
       -0.0374536830   0.0038097099  -0.0515929748  -0.0010071234   0.0007218110
       -0.0032421277  -0.0002060616   0.0001680961  -0.0005438945   0.0001361096
        0.0003099253  -0.0008426250  -0.0001827662   0.0002184500  -0.0016712278
       -0.0000937726   0.0002184986   0.0008387081   0.0028360669   0.0017630971
       -0.0130582328  -0.0308512952   0.0498311607  -0.0336543785  -0.0077604473
       -0.0046133727  -0.0219652508  -0.0010731296   0.0004504820   0.0018804870
        0.0047649558   0.0004633567   0.0020367497
       -0.0045375561   0.0233722010   0.0474684611   0.0332658854  -0.0228095458
       -0.0099238823  -0.0333664434  -0.0186740410  -0.0046756309  -0.0042884313
        0.0213238902   0.0395787775  -0.4421933111  -0.0030380543  -0.0374536830
        0.7115395640  -0.0101911140  -0.0882497400  -0.0007158774   0.0010136178
       -0.0064217110  -0.0008204817   0.0002529565  -0.0026357199   0.0000573165
        0.0002967232  -0.0017971332  -0.0000467607   0.0002148562  -0.0017655922
       -0.0000896836   0.0001648708   0.0010645525   0.0005954168   0.0006254201
       -0.0040769748  -0.0209881171   0.0047990692   0.0060955208  -0.0208582908
       -0.0032540539   0.0074997952  -0.1091974330   0.1162787701   0.0160312092
       -0.1083557964  -0.1103755661   0.0392617509
        0.0002962095  -0.0034378717   0.0068743850   0.0051021883  -0.0046287224
       -0.0047675550  -0.0016583902  -0.0014438348  -0.0033177357  -0.0000315873
        0.0001176053   0.0017746110   0.0031158111  -0.0815975480   0.0038097099
       -0.0101911140   0.5745677798  -0.0525320669   0.0002303217  -0.0004702106
        0.0026603331  -0.0002517845   0.0001880229  -0.0003322177   0.0000286147
       -0.0004616071  -0.0001342169  -0.0000439637   0.0000859199  -0.0000878911
       -0.0000261965  -0.0001407634  -0.0001189518  -0.0004647487   0.0001224683
        0.0004799249   0.0272219777  -0.0018310119   0.0007951852  -0.0276258857
       -0.0019888921   0.0001312461   0.1135816052  -0.2440652095  -0.0055132323
       -0.1092830577  -0.2350161248   0.0502784723
        0.0078087607   0.0239548260   0.0386128656   0.0315407028  -0.0235342650
       -0.0165863808  -0.0252857777  -0.0132114874  -0.0050655099   0.0031214254
        0.0120000774   0.0199368298   0.0375650019   0.0038035763  -0.0515929748
       -0.0882497400  -0.0525320669   0.0849290838  -0.0028303159   0.0017585144
       -0.0130367708   0.0000953249   0.0002173925   0.0008461583   0.0001830481
        0.0002180753  -0.0016695129  -0.0001357182   0.0003096208  -0.0008415138
        0.0002074042   0.0001679701  -0.0005476949   0.0010079778   0.0007212145
       -0.0032411303  -0.0047587631   0.0004620072   0.0020346539   0.0010779400
        0.0004519159   0.0018780664   0.0077763159  -0.0046349523  -0.0219791003
        0.0308764134   0.0498475812  -0.0336770693
       -0.0806024914  -0.0913990754   0.0146987835   0.0096211516   0.0108691058
       -0.0023822717  -0.0010425646  -0.0007722103  -0.0010377550  -0.0016170926
        0.0028937427   0.0002238402   0.0005947041   0.0004632939  -0.0010071234
       -0.0007158774   0.0002303217  -0.0028303159   0.0904524141   0.1033726384
       -0.0135517041  -0.0132946302  -0.0266800894   0.0027246997  -0.0006038909
        0.0023266857   0.0025556266  -0.0000073037  -0.0003861741   0.0002215479
        0.0002802661  -0.0003188793   0.0002491356  -0.0029930646  -0.0007344481
       -0.0000010330  -0.0000746637  -0.0000738307   0.0000538666  -0.0000724097
       -0.0000639421  -0.0001002492   0.0002978311   0.0002164167   0.0003039746
       -0.0002223780   0.0000564446  -0.0001210223
       -0.0933769652  -0.2738565956   0.0227282035  -0.0091924035  -0.0278860830
       -0.0004367695  -0.0009057162   0.0008172302   0.0001501632  -0.0005274709
        0.0001539350  -0.0005749290  -0.0006241985   0.0001223471   0.0007218110
        0.0010136178  -0.0004702106   0.0017585144   0.1033726384   0.3054815836
       -0.0217553807  -0.0025969799  -0.0040591874   0.0001014479   0.0030367057
       -0.0032781364  -0.0013122851  -0.0003883554   0.0003803297  -0.0000376880
       -0.0002843098   0.0002646736  -0.0000583331   0.0007341263   0.0012788954
        0.0000918706  -0.0001189971  -0.0000076963   0.0000343787   0.0000342037
        0.0001276277  -0.0001615132  -0.0001471818   0.0009047099  -0.0010472016
       -0.0000287135   0.0000265773  -0.0002022891
        0.0121487621   0.0327329753  -0.0209329548   0.0049352549  -0.0134017088
       -0.0020360071  -0.0050347938  -0.0015656192  -0.0041360192   0.0005313369
        0.0020261012   0.0031968650   0.0040739903   0.0004775276  -0.0032421277
       -0.0064217110   0.0026603331  -0.0130367708  -0.0135517041  -0.0217553807
        0.0313611612   0.0016468293   0.0027818998   0.0017302406   0.0016178119
       -0.0038412500   0.0084617838  -0.0001120312   0.0001086913  -0.0005145869
       -0.0000736070  -0.0001313092   0.0003204608  -0.0000003311   0.0000921843
        0.0003197074   0.0001345213  -0.0001584297   0.0004562943  -0.0000820601
       -0.0000218122   0.0001940911   0.0001787257   0.0004119839  -0.0022116322
        0.0000090060  -0.0004161868   0.0000694944
       -0.3022200083  -0.0214119171   0.0294408858  -0.0208265624   0.0005120218
        0.0023046132  -0.0009750616   0.0024940656   0.0028502616   0.0001991492
        0.0004985622   0.0000511362  -0.0000901542   0.0000264231  -0.0002060616
       -0.0008204817  -0.0002517845   0.0000953249  -0.0132946302  -0.0025969799
        0.0016468293   0.3372071557   0.0205652944  -0.0344354882   0.0010964353
       -0.0004495645  -0.0012132803  -0.0007855046   0.0000768157  -0.0001279737
        0.0001047292   0.0001546350  -0.0002132624   0.0002803306   0.0002843481
        0.0000736298   0.0001242073  -0.0000428952   0.0000558996   0.0001695952
        0.0001005575   0.0000669917  -0.0001036404  -0.0003136995  -0.0001550115
       -0.0000655590   0.0003541173  -0.0002344942
       -0.0239923864  -0.0461362742   0.0012662244   0.0255328861   0.0000503476
       -0.0028350920   0.0023464718  -0.0030805118  -0.0023090937  -0.0004739622
       -0.0002767115  -0.0002305631  -0.0001643140  -0.0001405129   0.0001680961
        0.0002529565   0.0001880229   0.0002173925  -0.0266800894  -0.0040591874
        0.0027818998   0.0205652944   0.0521607311   0.0004644411   0.0012600687
        0.0008909037   0.0003598200   0.0011498479  -0.0001063609   0.0001238936
       -0.0001545581   0.0002206394   0.0001767184   0.0003188984   0.0002644323
       -0.0001313858   0.0000470203   0.0000260723  -0.0000522194   0.0000691573
        0.0000311015   0.0000172144  -0.0002984849  -0.0001415271  -0.0001806205
        0.0002211936   0.0001088353   0.0001632742
        0.0265437657   0.0016316053  -0.0332911494   0.0088023843   0.0008110991
       -0.0010646132   0.0010026164  -0.0036814559   0.0086339151  -0.0007088774
        0.0000896933  -0.0006427462  -0.0010670860  -0.0001187368  -0.0005438945
       -0.0026357199  -0.0003322177   0.0008461583   0.0027246997   0.0001014479
        0.0017302406  -0.0344354882   0.0004644411   0.0289479474  -0.0003399703
        0.0012515933  -0.0039373757   0.0009549476  -0.0001939937   0.0001812762
        0.0002132714   0.0001768568  -0.0006095223  -0.0002494783  -0.0000582858
        0.0003204362  -0.0000171773  -0.0000731544  -0.0001281688  -0.0000357015
        0.0000545830  -0.0001286245  -0.0002913992  -0.0001495952  -0.0002104562
       -0.0004607868   0.0000261197  -0.0001034231
        0.0059456280   0.0141490998   0.0009780884  -0.0958336393  -0.1020368867
       -0.0079777151  -0.0182085200  -0.0266405031  -0.0024616868  -0.0059336013
        0.0003953326   0.0001532439  -0.0000474527   0.0000438864   0.0001361096
        0.0000573165   0.0000286147   0.0001830481  -0.0006038909   0.0030367057
        0.0016178119   0.0010964353   0.0012600687  -0.0003399703   0.1137852758
        0.1115278663   0.0087040355   0.0004566386  -0.0010633842  -0.0001513669
       -0.0007852017  -0.0011499846  -0.0009554215  -0.0000070359   0.0003884579
        0.0001122670  -0.0000506641  -0.0000732012   0.0000348677   0.0000031195
        0.0001207018   0.0000614204   0.0000050831  -0.0000053465  -0.0000203402
        0.0001205092   0.0000185724  -0.0000743916
       -0.0087944383  -0.0300444491  -0.0028278330  -0.1033736281  -0.2393287943
       -0.0220048312  -0.0021134131  -0.0031634872  -0.0004650166  -0.0006299843
        0.0008898237  -0.0006362101  -0.0002147227   0.0000856582   0.0003099253
        0.0002967232  -0.0004616071   0.0002180753   0.0023266857  -0.0032781364
       -0.0038412500  -0.0004495645   0.0008909037   0.0012515933   0.1115278663
        0.2724411212   0.0277646351   0.0010632276   0.0011656228   0.0004748559
       -0.0000767343  -0.0001062783  -0.0001940200   0.0003860156   0.0003804938
        0.0001085974  -0.0000781008   0.0000639158   0.0000277170   0.0001457020
        0.0001169999   0.0000161244  -0.0000775517   0.0002575914  -0.0000348361
        0.0000619176   0.0000906219  -0.0001675265
       -0.0036259195  -0.0057457621   0.0022780939  -0.0028245958  -0.0218618720
       -0.0372148621  -0.0044615342   0.0000511873   0.0009093640   0.0008296840
        0.0003325455   0.0056941796   0.0017651310  -0.0000873484  -0.0008426250
       -0.0017971332  -0.0001342169  -0.0016695129   0.0025556266  -0.0013122851
        0.0084617838  -0.0012132803   0.0003598200  -0.0039373757   0.0087040355
        0.0277646351   0.0274622829   0.0001518300   0.0004750090  -0.0015846088
        0.0001275531   0.0001235650   0.0001809757  -0.0002216975  -0.0000377790
       -0.0005144224  -0.0000023336   0.0000045449   0.0000494721   0.0000141627
        0.0000533052   0.0002138502   0.0000328467   0.0000350010   0.0004323866
       -0.0000343755  -0.0000203495   0.0000810180
       -0.0059325782  -0.0003958835  -0.0001553764  -0.0182129627   0.0266394067
        0.0024577056  -0.0958503840   0.1020532600   0.0079703962   0.0059448469
       -0.0141452147  -0.0009777478   0.0000564679  -0.0000287216  -0.0001827662
       -0.0000467607  -0.0000439637  -0.0001357182  -0.0000073037  -0.0003883554
       -0.0001120312  -0.0007855046   0.0011498479   0.0009549476   0.0004566386
        0.0010632276   0.0001518300   0.1138055247  -0.1115468817  -0.0086908491
        0.0010962363  -0.0012602397   0.0003407614  -0.0006022935  -0.0030359521
       -0.0016196087   0.0001204854  -0.0000185121   0.0000744329   0.0000049448
        0.0000054646   0.0000202548   0.0000031571  -0.0001205540  -0.0000614031
       -0.0000505143   0.0000730714  -0.0000348279
        0.0006299363   0.0008901314  -0.0006368488   0.0021117448  -0.0031618112
       -0.0004638406   0.1033909528  -0.2393155531  -0.0219914982   0.0087973755
       -0.0300452687  -0.0028272559  -0.0002970266  -0.0004621930   0.0002184500
        0.0002148562   0.0000859199   0.0003096208  -0.0003861741   0.0003803297
        0.0001086913   0.0000768157  -0.0001063609  -0.0001939937  -0.0010633842
        0.0011656228   0.0004750090  -0.1115468817   0.2724270041   0.0277507824
        0.0004492103   0.0008907658   0.0012517103  -0.0023256026  -0.0032780479
       -0.0038419841  -0.0000618048   0.0000904011  -0.0001677471   0.0000776467
        0.0002576183  -0.0000350219  -0.0001457378   0.0001172920   0.0000161828
        0.0000780734   0.0000641497   0.0000277436
       -0.0008323158   0.0003321292   0.0056933162   0.0044562106   0.0000603271
        0.0009109188   0.0028186659  -0.0218495390  -0.0372096556   0.0036267924
       -0.0057521264   0.0022781609   0.0017977618  -0.0001337505  -0.0016712278
       -0.0017655922  -0.0000878911  -0.0008415138   0.0002215479  -0.0000376880
       -0.0005145869  -0.0001279737   0.0001238936   0.0001812762  -0.0001513669
        0.0004748559  -0.0015846088  -0.0086908491   0.0277507824   0.0274580250
        0.0012143683   0.0003597957  -0.0039362243  -0.0025568804  -0.0013135593
        0.0084586063   0.0000343963  -0.0000197105   0.0000810527  -0.0000331080
        0.0000354023   0.0004334812  -0.0000141294   0.0000528385   0.0002136337
        0.0000024725   0.0000042402   0.0000493464
        0.0001991040  -0.0004989891  -0.0000514368  -0.0009748967  -0.0024927487
       -0.0028524255  -0.0208218119  -0.0005135602  -0.0023077749  -0.3021911055
        0.0213919769  -0.0294839376  -0.0008240781   0.0002520093  -0.0000937726
       -0.0000896836  -0.0000261965   0.0002074042   0.0002802661  -0.0002843098
       -0.0000736070   0.0001047292  -0.0001545581   0.0002132714  -0.0007852017
       -0.0000767343   0.0001275531   0.0010962363   0.0004492103   0.0012143683
        0.3371765941  -0.0205440424   0.0344823087  -0.0132942947   0.0025957675
       -0.0016489293  -0.0000659643  -0.0003545043   0.0002348471  -0.0001039081
        0.0003142756   0.0001553419   0.0001696922  -0.0001005742  -0.0000671949
        0.0001243228   0.0000429779  -0.0000560160
        0.0004749749  -0.0002764723  -0.0002308204  -0.0023475483  -0.0030805028
       -0.0023099826  -0.0255323425   0.0000479679  -0.0028396894   0.0239732755
       -0.0461359289   0.0012669108  -0.0002539077   0.0001883990   0.0002184986
        0.0001648708  -0.0001407634   0.0001679701  -0.0003188793   0.0002646736
       -0.0001313092   0.0001546350   0.0002206394   0.0001768568  -0.0011499846
       -0.0001062783   0.0001235650  -0.0012602397   0.0008907658   0.0003597957
       -0.0205440424   0.0521601535   0.0004651526   0.0266779895  -0.0040563030
        0.0027854280  -0.0002218208   0.0001085538   0.0001637711   0.0002993416
       -0.0001421947  -0.0001811168  -0.0000691705   0.0000312791   0.0000173320
       -0.0000471514   0.0000260114  -0.0000523620
        0.0007088113   0.0000908355  -0.0006400978  -0.0010019983  -0.0036843139
        0.0086306345  -0.0088131512   0.0008080703  -0.0010683403  -0.0265885777
        0.0016369777  -0.0333016072   0.0026477691  -0.0003333969   0.0008387081
        0.0010645525  -0.0001189518  -0.0005476949   0.0002491356  -0.0000583331
        0.0003204608  -0.0002132624   0.0001767184  -0.0006095223  -0.0009554215
       -0.0001940200   0.0001809757   0.0003407614   0.0012517103  -0.0039362243
        0.0344823087   0.0004651526   0.0289752104  -0.0027290305   0.0001018476
        0.0017276450   0.0004618879   0.0000261078  -0.0001037537   0.0002924068
       -0.0001499102  -0.0002106873   0.0000361980   0.0000545928  -0.0001279369
        0.0000176103  -0.0000730871  -0.0001277699
       -0.0016169994  -0.0028944967  -0.0002239313  -0.0010430125   0.0007725106
        0.0010379449   0.0096213184  -0.0108624841   0.0023857422  -0.0806085660
        0.0913916592  -0.0147138116  -0.0007165314  -0.0002309466   0.0028360669
        0.0005954168  -0.0004647487   0.0010079778  -0.0029930646   0.0007341263
       -0.0000003311   0.0002803306   0.0003188984  -0.0002494783  -0.0000070359
        0.0003860156  -0.0002216975  -0.0006022935  -0.0023256026  -0.0025568804
       -0.0132942947   0.0266779895  -0.0027290305   0.0904569380  -0.1033674440
        0.0135647603  -0.0002228079  -0.0000566042   0.0001215700   0.0002977148
       -0.0002164961  -0.0003050381  -0.0000724243   0.0000638322   0.0001000194
       -0.0000746882   0.0000737911  -0.0000538825
        0.0005279199   0.0001537090  -0.0005750711   0.0009047328   0.0008177475
        0.0001509350   0.0091950073  -0.0278861377  -0.0004353202   0.0933713308
       -0.2738133830   0.0227439429  -0.0010160825  -0.0004712216   0.0017630971
        0.0006254201   0.0001224683   0.0007212145  -0.0007344481   0.0012788954
        0.0000921843   0.0002843481   0.0002644323  -0.0000582858   0.0003884579
        0.0003804938  -0.0000377790  -0.0030359521  -0.0032780479  -0.0013135593
        0.0025957675  -0.0040563030   0.0001018476  -0.1033674440   0.3054353310
       -0.0217747213   0.0000290307   0.0000266318  -0.0002027381   0.0001470544
        0.0009058792  -0.0010488363  -0.0000342956   0.0001274706  -0.0001612583
        0.0001191528  -0.0000079657   0.0000343479
       -0.0005326725   0.0020255989   0.0031948323   0.0050351946  -0.0015646109
       -0.0041331702  -0.0049311235  -0.0134100829  -0.0020379221  -0.0121602532
        0.0327485977  -0.0209319653   0.0064257968   0.0026651122  -0.0130582328
       -0.0040769748   0.0004799249  -0.0032411303  -0.0000010330   0.0000918706
        0.0003197074   0.0000736298  -0.0001313858   0.0003204362   0.0001122670
        0.0001085974  -0.0005144224  -0.0016196087  -0.0038419841   0.0084586063
       -0.0016489293   0.0027854280   0.0017276450   0.0135647603  -0.0217747213
        0.0313925842  -0.0000089392  -0.0004165762   0.0000690352  -0.0001797547
        0.0004138754  -0.0022161544   0.0000820800  -0.0000215450   0.0001932680
       -0.0001344396  -0.0001580988   0.0004568828
       -0.0004139630   0.0003745675   0.0000749463   0.0000936033  -0.0001381061
        0.0001188587  -0.0001122869  -0.0002527705  -0.0002403224   0.0007522542
       -0.0000391159   0.0014987615  -0.1083322913   0.1092754391  -0.0308512952
       -0.0209881171   0.0272219777  -0.0047587631  -0.0000746637  -0.0001189971
        0.0001345213   0.0001242073   0.0000470203  -0.0000171773  -0.0000506641
       -0.0000781008  -0.0000023336   0.0001204854  -0.0000618048   0.0000343963
       -0.0000659643  -0.0002218208   0.0004618879  -0.0002228079   0.0000290307
       -0.0000089392   0.1276029411  -0.1255833406   0.0318540978   0.0061909053
       -0.0116709792   0.0027818506  -0.0057864488   0.0001149308  -0.0012816842
        0.0011628104   0.0011020700   0.0002011947
       -0.0002483270  -0.0003483053  -0.0004379930   0.0000194737   0.0001050160
       -0.0000894719   0.0000071078   0.0008526869  -0.0007738001   0.0001238589
        0.0000671210  -0.0004860551   0.1103664468  -0.2350630741   0.0498311607
        0.0047990692  -0.0018310119   0.0004620072  -0.0000738307  -0.0000076963
       -0.0001584297  -0.0000428952   0.0000260723  -0.0000731544  -0.0000732012
        0.0000639158   0.0000045449  -0.0000185121   0.0000904011  -0.0000197105
       -0.0003545043   0.0001085538   0.0000261078  -0.0000566042   0.0000266318
       -0.0004165762  -0.1255833406   0.2564220774  -0.0535337709   0.0119258794
       -0.0236965463   0.0052750985   0.0003115926   0.0016351227   0.0011253814
       -0.0011022130   0.0015490349  -0.0007353387
       -0.0004313654  -0.0017501547  -0.0028125110  -0.0026494098   0.0014968645
        0.0003852269   0.0027229642   0.0024340862  -0.0008579409  -0.0000175482
        0.0008118010  -0.0121317651  -0.0392429319   0.0502617336  -0.0336543785
        0.0060955208   0.0007951852   0.0020346539   0.0000538666   0.0000343787
        0.0004562943   0.0000558996  -0.0000522194  -0.0001281688   0.0000348677
        0.0000277170   0.0000494721   0.0000744329  -0.0001677471   0.0000810527
        0.0002348471   0.0001637711  -0.0001037537   0.0001215700  -0.0002027381
        0.0000690352   0.0318540978  -0.0535337709   0.0409357463   0.0002463402
        0.0000157604   0.0009248793   0.0010494767   0.0004010993   0.0090694395
       -0.0002026284  -0.0007357665  -0.0043172824
       -0.0004230536  -0.0001811842   0.0002530537   0.0002309604  -0.0000203674
        0.0000427301  -0.0004403044  -0.0000640768  -0.0002068558   0.0007243309
        0.0002188203   0.0014267457  -0.1092334389  -0.1136016286  -0.0077604473
       -0.0208582908  -0.0276258857   0.0010779400  -0.0000724097   0.0000342037
       -0.0000820601   0.0001695952   0.0000691573  -0.0000357015   0.0000031195
        0.0001457020   0.0000141627   0.0000049448   0.0000776467  -0.0000331080
       -0.0001039081   0.0002993416   0.0002924068   0.0002977148   0.0001470544
       -0.0001797547   0.0061909053   0.0119258794   0.0002463402   0.1281163588
        0.1298954212   0.0055877761   0.0011802018  -0.0010100286   0.0004015885
       -0.0057867259  -0.0003100554  -0.0010448165
        0.0001361224  -0.0002405215  -0.0001024312  -0.0003343879   0.0001576244
        0.0001170395   0.0004633095   0.0002124194   0.0000868155  -0.0000920119
       -0.0011017981  -0.0012537580  -0.1163004352  -0.2440332370  -0.0046133727
       -0.0032540539  -0.0019888921   0.0004519159  -0.0000639421   0.0001276277
       -0.0000218122   0.0001005575   0.0000311015   0.0000545830   0.0001207018
        0.0001169999   0.0000533052   0.0000054646   0.0002576183   0.0000354023
        0.0003142756  -0.0001421947  -0.0001499102  -0.0002164961   0.0009058792
        0.0004138754  -0.0116709792  -0.0236965463   0.0000157604   0.1298954212
        0.2661923923   0.0050675672   0.0010100448   0.0015663018  -0.0005560791
       -0.0001135912   0.0016352253   0.0004010990
       -0.0003359463  -0.0015629214  -0.0031009089  -0.0032884217   0.0013375693
        0.0001755394   0.0030617526   0.0019596127   0.0002957624  -0.0000639806
       -0.0058950304  -0.0099857438  -0.0160248308  -0.0054902515  -0.0219652508
        0.0074997952   0.0001312461   0.0018780664  -0.0001002492  -0.0001615132
        0.0001940911   0.0000669917   0.0000172144  -0.0001286245   0.0000614204
        0.0000161244   0.0002138502   0.0000202548  -0.0000350219   0.0004334812
        0.0001553419  -0.0001811168  -0.0002106873  -0.0003050381  -0.0010488363
       -0.0022161544   0.0027818506   0.0052750985   0.0009248793   0.0055877761
        0.0050675672   0.0289423721  -0.0004031059  -0.0005555082  -0.0045201451
        0.0012863892   0.0011257670   0.0090694726
        0.0007226029  -0.0002203587  -0.0014265399  -0.0004395796   0.0000647902
        0.0002065145   0.0002308738   0.0000206815  -0.0000427359  -0.0004226474
        0.0001808519  -0.0002536118  -0.0208522992   0.0276280229  -0.0010731296
       -0.1091974330   0.1135816052   0.0077763159   0.0002978311  -0.0001471818
        0.0001787257  -0.0001036404  -0.0002984849  -0.0002913992   0.0000050831
       -0.0000775517   0.0000328467   0.0000031571  -0.0001457378  -0.0000141294
        0.0001696922  -0.0000691705   0.0000361980  -0.0000724243  -0.0000342956
        0.0000820800  -0.0057864488   0.0003115926   0.0010494767   0.0011802018
        0.0010100448  -0.0004031059   0.1280746951  -0.1298745107  -0.0056115150
        0.0061903355  -0.0119302976  -0.0002459908
        0.0000906752  -0.0010993860  -0.0012477947  -0.0004611613   0.0002118345
        0.0000854881   0.0003330055   0.0001578083   0.0001176404  -0.0001352956
       -0.0002403754  -0.0001024992   0.0032571492  -0.0019946424   0.0004504820
        0.1162787701  -0.2440652095  -0.0046349523   0.0002164167   0.0009047099
        0.0004119839  -0.0003136995  -0.0001415271  -0.0001495952  -0.0000053465
        0.0002575914   0.0000350010  -0.0001205540   0.0001172920   0.0000528385
       -0.0001005742   0.0000312791   0.0000545928   0.0000638322   0.0001274706
       -0.0000215450   0.0001149308   0.0016351227   0.0004010993  -0.0010100286
        0.0015663018  -0.0005555082  -0.1298745107   0.2662309884   0.0050870062
        0.0116663907  -0.0236992582   0.0000157624
        0.0000629887  -0.0058842240  -0.0099608405  -0.0030574273   0.0019561605
        0.0002948586   0.0032863150   0.0013361714   0.0001761510   0.0003364425
       -0.0015611574  -0.0031010261  -0.0074865307   0.0001225239   0.0018804870
        0.0160312092  -0.0055132323  -0.0219791003   0.0003039746  -0.0010472016
       -0.0022116322  -0.0001550115  -0.0001806205  -0.0002104562  -0.0000203402
       -0.0000348361   0.0004323866  -0.0000614031   0.0000161828   0.0002136337
       -0.0000671949   0.0000173320  -0.0001279369   0.0001000194  -0.0001612583
        0.0001932680  -0.0012816842   0.0011253814   0.0090694395   0.0004015885
       -0.0005560791  -0.0045201451  -0.0056115150   0.0050870062   0.0289235085
       -0.0027814309   0.0052778511   0.0009274043
        0.0007512014   0.0000387850  -0.0014998115  -0.0001130201   0.0002530615
        0.0002398656   0.0000943429   0.0001385134  -0.0001187285  -0.0004143489
       -0.0003752041  -0.0000759855  -0.0209947934  -0.0272186779   0.0047649558
       -0.1083557964  -0.1092830577   0.0308764134  -0.0002223780  -0.0000287135
        0.0000090060  -0.0000655590   0.0002211936  -0.0004607868   0.0001205092
        0.0000619176  -0.0000343755  -0.0000505143   0.0000780734   0.0000024725
        0.0001243228  -0.0000471514   0.0000176103  -0.0000746882   0.0001191528
       -0.0001344396   0.0011628104  -0.0011022130  -0.0002026284  -0.0057867259
       -0.0001135912   0.0012863892   0.0061903355   0.0116663907  -0.0027814309
        0.1276343020   0.1255915209  -0.0318885262
       -0.0001238713   0.0000663333  -0.0004866339  -0.0000075541   0.0008518764
       -0.0007727538  -0.0000193004   0.0001057787  -0.0000891572   0.0002486130
       -0.0003489894  -0.0004390488  -0.0047945339  -0.0018248972   0.0004633567
       -0.1103755661  -0.2350161248   0.0498475812   0.0000564446   0.0000265773
       -0.0004161868   0.0003541173   0.0001088353   0.0000261197   0.0000185724
        0.0000906219  -0.0000203495   0.0000730714   0.0000641497   0.0000042402
        0.0000429779   0.0000260114  -0.0000730871   0.0000737911  -0.0000079657
       -0.0001580988   0.0011020700   0.0015490349  -0.0007357665  -0.0003100554
        0.0016352253   0.0011257670  -0.0119302976  -0.0236992582   0.0052778511
        0.1255915209   0.2563727910  -0.0535538335
        0.0000167356   0.0008077682  -0.0121090439  -0.0027213965   0.0024297543
       -0.0008569925   0.0026483444   0.0014972841   0.0003859173   0.0004321413
       -0.0017508115  -0.0028146952  -0.0060848025   0.0008066554   0.0020367497
        0.0392617509   0.0502784723  -0.0336770693  -0.0001210223  -0.0002022891
        0.0000694944  -0.0002344942   0.0001632742  -0.0001034231  -0.0000743916
       -0.0001675265   0.0000810180  -0.0000348279   0.0000277436   0.0000493464
       -0.0000560160  -0.0000523620  -0.0001277699  -0.0000538825   0.0000343479
        0.0004568828   0.0002011947  -0.0007353387  -0.0043172824  -0.0010448165
        0.0004010990   0.0090694726  -0.0002459908   0.0000157624   0.0009274043
       -0.0318885262  -0.0535538335   0.0409299909
