           1           2   1.6707374963259811     
           2           3   1.2552785681471705     
           1           4  0.13851143850362502     
           3           4   1.6705802686661817     
           4           5  0.20854573617649519     
           1           6  0.20837903365685193     
           5           6   1.7507996731016151     
           1           7  0.96805755866021348     
           1           8  0.98088750884297915     
           2           9  0.96810445621900809     
           3          10  0.96810470666126847     
           4          11  0.98088583240658578     
           4          12  0.96804681302556539     
           5          13  0.97789120834271925     
           5          14  0.97443691415635081     
           6          15  0.97445611847732883     
           6          16  0.97789921741320274     
