$coord
       11.00594955026077      -19.20235938969618       18.20178946913585      O
       11.51474672986836      -18.28684004936293       19.67797263917541      H
       10.63932495487013      -17.99710141768018       16.94504030534167      H
       -7.99502643227984       23.43520209826172      -29.07285893999311      O
       -8.32505737968059       25.05621820660255      -28.29365303437422      H
       -7.74127010165036       22.18986170304455      -27.77674247552194      H
       32.21591311386977       39.67205214643215       -6.78927007248565      O
       30.93567539663785       39.68127653449509       -8.08432878880033      H
       33.64393391447215       40.67480809368332       -7.27409020595007      H
      -35.15771842741542      -44.08330104795480       20.49508275397658      O
      -35.25436771410352      -42.97256604812122       21.92967688356736      H
      -36.57832860817535      -45.23214898234357       20.51441622956991      H
$end
