$coord
       -4.85299200033836      -13.55255516850198       11.86350031609661      O
       -5.98851777934944      -14.43906206092446       12.92713625787089      H
       -4.62885139121611      -14.62469773969064       10.43235477273086      H
       -9.04057991426373        9.59253409588757      -13.87270709397362      O
      -10.06363073267172       11.08478015242843      -13.70499696816992      H
       -8.21843430921656        9.36236118197597      -12.30458919555169      H
       18.63026549739682       18.16567846280751       -1.54582330906806      O
       17.75323708820633       17.10627932521576       -0.41649919174661      H
       19.37914847810172       17.21477732278743       -2.91868000626365      H
       -4.73734831924443      -14.06612532692603        6.53857965327405      O
       -5.36797143119704      -13.26655016937127        5.01216163257100      H
       -2.91400359650273      -14.41120287299384        6.23059111213031      H
$end
