$coord
       -0.01764032578480       -2.46589517745433       -1.07501172481376      O
        1.37510346091233       -2.57446177791522       -2.28572820036110      H
       -1.22284337795015       -1.12493184856273       -1.75803295694891      H
       -1.45255925573872        4.25123969632471        1.22505647079308      O
       -0.86567489369056        2.57748834655679        0.93718638581663      H
       -1.25156206661961        4.63459414373801        3.01758328007946      H
        7.06366723045682       -2.82119281974468        4.19453786687508      O
        5.44556940600438       -3.26801432319907        3.40004076244902      H
        6.83383944533112       -1.68048695367255        5.59656004713598      H
       -5.50168599076171        1.00003261121210       -1.51738800318110      O
       -5.19625909286353        2.46962638915079       -0.41157421210207      H
       -6.64612386186164       -0.20166913574045       -0.73697042971551      H
$end
