$coord
       18.07219629784643      -18.96282088549218       22.46118268684719      O
       17.50235940630740      -20.66331058877273       22.23220034241810      H
       19.52931293576270      -18.96905096287592       23.55215657942699      H
       -7.28494211637531       35.25508340417528      -38.64988315749975      O
       -7.74716160596011       35.81523266583858      -40.30765834854882      H
       -8.81307970647946       34.75448465481717      -37.80884987306773      H
       46.14896238896680       54.06270791219120      -13.67158957030583      O
       44.96637750423538       53.10824922451327      -12.68563569424330      H
       46.87077568267517       52.98171470817940      -14.95433973813951      H
      -56.93521489367934      -70.07256671591513       32.87112454442774      O
      -56.46143547553474      -71.75366747434195       33.32409391533029      H
      -55.92267404048459      -69.53282849494624       31.46896847285901      H
$end
