$coord
       13.89975210623721      -20.02080926156276       18.96910817330614      O
       13.18182900622297      -19.05277930518985       17.60645226739814      H
       12.60906471675869      -20.37765218764987       20.17094645978529      H
       -7.77371294631196       27.67580046669309      -33.49426019084072      O
       -7.38311563483519       26.24187772661372      -34.52385876193423      H
       -8.04947223031138       29.07403627774023      -34.62096902025535      H
       36.44809220181584       44.68367835240080       -7.78311343123920      O
       34.99414322105094       44.64821451762289       -8.85707005615057      H
       37.93923188014836       44.72488513068247       -8.85414238512452      H
      -42.46640885479544      -52.47256233966610       25.46257081620559      O
      -42.04058816167942      -50.98381403251554       24.52670947764994      H
      -43.03408787239726      -51.87344817110072       27.07741922791020      H
$end
