$coord
       12.44178314435057      -19.82354413369217       18.62808909896516      O
       14.10437328457080      -20.04182623643189       18.00649989444150      H
       11.76048501858263      -21.47730693675831       18.96754827952833      H
       -8.25114459018546       25.37122426980542      -31.49599654820931      O
       -9.11095392603171       24.28745689652434      -30.33524415567389      H
       -8.11174541152239       24.52742063461293      -33.10950670703192      H
       34.91766190983930       42.80247585755701       -7.29656692773039      O
       35.73846750015822       44.41993128048077       -7.01184748705453      H
       33.27263805415929       42.96438532143554       -6.52196458092142      H
      -39.02684340291998      -48.31358500182043       23.03174638881294      O
      -40.63075139682406      -48.35461794910605       23.83045220098775      H
      -38.38527669439559      -46.65144199872587       23.29191264669224      H
$end
