$coord
       15.52763092063771      -20.20063802562813       18.74498051898457      O
       15.67436908860125      -21.47030873942086       20.01553838403575      H
       16.91892511289171      -19.04324931585106       19.00936765335667      H
       -8.06198828778533       28.98778366173736      -35.68820196661792      O
       -7.86945609791100       27.23680997633429      -36.18015083491102      H
       -9.11609936052095       29.77816707351565      -36.93766940542697      H
       39.11308051504110       47.57746315687201       -8.04716574810320      O
       39.19018847147102       48.94750404651391       -6.85059019579064      H
       37.52593532603298       47.66345711294968       -8.92441408498472      H
      -46.61512674450515      -56.46604540777177       27.92120329180037      O
      -45.06138939003035      -56.38402964579550       28.89278490805478      H
      -46.73953633522137      -54.84630991554103       27.07631613283559      H
$end
