$coord
        0.98919687249503       -1.88535391668093        1.08946239466872      O
        1.51342766512258       -0.48491754290439        0.13362428087801      H
        1.23374738636770       -1.56479706542927        2.83645909603927      H
      -10.73531628633935       -1.67293896357341       -3.34782888634041      O
      -11.92351538892485       -0.37206736201485       -3.96936060912487      H
      -10.31251898723377       -1.04605359066760       -1.71678497061855      H
       13.79613712709764        7.49891741644219        1.73143605394871      O
       13.79656157055889        7.52470445488760       -0.10241602615689      H
       13.75816187784899        9.16641118338261        2.31384263102050      H
       -4.08434956995098       -4.24156151006466        3.55372379754094      O
       -2.41601645331524       -4.42660972163890        2.78561887649290      H
       -5.16005746088415       -3.72274273619943        2.28462017273284      H
$end
