$coord
       19.02481474515634      -18.13422450454301       23.72305938982780      O
       20.27746425282865      -18.42889944866167       25.00867423684034      H
       19.87620559117999      -17.30893969106658       22.34607763947990      H
       -6.77490703850665       36.18169034378548      -37.91362531457861      O
       -6.97931119065403       36.89262843517469      -39.58016365720903      H
       -7.54072952015032       37.35708852386001      -36.75548218055130      H
       48.25134917064761       56.37509040407969      -16.55135718015695      O
       49.25376747690272       55.53150566046693      -17.81427047269000      H
       49.31663110072810       57.64401095045334      -15.78591617702880      H
      -60.58902255870120      -74.58884744620762       33.67762398019811      O
      -62.29108622748254      -75.18633445866395       33.41280695780146      H
      -60.56824187591214      -73.58138456301275       35.19130264973981      H
$end
