$coord
        7.61029171757264      -19.06969536801063       17.45586566333997      O
        9.37434910202171      -19.01340429011182       17.20947479028456      H
        7.09023427187685      -20.77780886683277       17.77820592292109      H
       -7.70272626684606       21.74376880090403      -26.92716274758719      O
       -7.13117766378351       22.68071418187840      -28.36234054850665      H
       -7.68177790229873       22.77264029879245      -25.45695338643434      H
       30.14414132607871       36.97912288782773       -6.29716954048767      O
       30.80126451994299       38.44715415826245       -5.49086978245274      H
       28.40513973086025       37.37739006136022       -6.71348803887212      H
      -30.06791757357828      -39.85180669691145       18.62312612666629      O
      -29.05678159393767      -38.36104020107194       18.73032267147529      H
      -31.60138643045266      -39.68888239333397       19.62529111561755      H
$end
