$coord
        4.33598500103328      -17.78063489086503       16.82168359180362      O
        3.71686243390967      -19.08460114389681       18.01394089371376      H
        3.32827564290773      -17.86468198849153       15.32361239549018      H
       -7.79854017347195       19.79011152378281      -24.04650130281497      O
       -6.65077630902594       19.19389862977194      -22.79167348879398      H
       -6.95876420109465       20.94320621773723      -25.20904029293045      H
       27.34612018126355       32.75308098549221       -5.58668717483349      O
       27.41375935347334       31.26227080584855       -6.63451857151233      H
       28.71757818590509       32.80608355860246       -4.39206155978865      H
      -24.08369958298569      -34.60175615141371       15.82939667673367      O
      -23.96791063197972      -35.77474333008603       14.50164460271417      H
      -22.45648945102236      -33.79504541272983       15.89611927809219      H
$end
