$coord
       16.24621567259048      -19.75491920026964       21.06858821323089      O
       15.83385769049667      -19.29879455975716       19.35347835356529      H
       15.37368818811849      -21.30433150826206       21.39899914202054      H
       -7.84670072696068       33.40179502060439      -38.51926664613156      O
       -6.52650898309734       34.28481686205151      -39.40302508188216      H
       -8.33078372309981       34.44646648715090      -37.10165224304220      H
       44.58853953504457       52.14622092710174      -11.44523368611264      O
       45.16180264765669       53.59500163602841      -10.50128574740433      H
       43.05205196242107       51.58786188628436      -10.61959341236234      H
      -52.86071999861908      -65.96501861707370       31.73789024333374      O
      -52.03356014201658      -64.71752065918150       32.74225233500717      H
      -54.62732264657925      -65.58373741843236       31.65336389346186      H
$end
