$coord
        4.47661571268728        2.18708804532995        0.50399536821421      O
        3.62239252882694        1.92393329527499        2.04792807690960      H
        5.70428542625825        0.74599074624353        0.29149353679058      H
       -0.07582098467866        3.93864916173212       -1.93067115021315      O
        0.11602566304686        5.42766648208144       -2.91987655267165      H
        1.49689137357611        3.18066509254071       -1.49682125560674      H
        0.01626348631414       -0.48379174224511        1.48803966376282      O
       -1.73412998315107       -1.13971428359720        1.67974402645853      H
       -0.02595275002641        1.23027259861379        0.90251936796181      H
       -4.31962644364927       -5.61722655496105        2.79895138521178      O
       -5.34740329336672       -7.16299421168573        3.08227522029035      H
       -5.45045838366362       -4.34219244847622        3.64189144882414      H
$end
