$coord
       -2.29912475394063        1.78983845875837        1.23442787588275      O
       -0.86150427814139        1.60170369180170        2.25752706332389      H
       -3.58821614543021        0.86339024428909        1.96872081231104      H
       -0.83357035775426       -4.02062837176661        2.85868752314766      O
       -1.37402676040365       -5.31864900948839        1.71164172018294      H
        0.65187936436815       -4.53576292946196        3.75811455597684      H
        9.84817927916000        1.56811885306972        3.51357761135379      O
       10.24661139562535        3.19732178132811        2.96246250276530      H
        8.05188192458219        1.62053483988696        3.80991642356994      H
       -6.80471768630693        0.69938015029731       -4.73408560422265      O
       -5.67274497160449        0.68454667141500       -3.33831041573719      H
       -6.08569639602971        1.55870622829521       -6.09758570560440      H
$end
