$coord
        2.42871458131982        1.84908740009319        0.05745403127606      O
        0.82095097409322        2.61316977667600       -0.30771623607253      H
        3.66280183888811        2.77928196357523       -0.84509026149751      H
       -2.32849111238256        3.94782677419452       -0.60845020536998      O
       -3.07454199918301        4.79550168509100        0.80945739254958      H
       -3.12005933567673        2.30331892594568       -0.91652591380808      H
        2.77380535994834       -4.48149224790641        2.59837374144598      O
        1.56421227092107       -5.84229862829064        2.89514673882652      H
        1.68024646801987       -3.13813510225405        2.00124550645458      H
       -2.74625060529594       -1.37311961937073        0.86414032342684      O
       -2.52498709057437       -1.39491626700225        2.63271392865849      H
       -1.11249773307895       -0.93367848169202        0.14071120265110      H
$end
