$coord
        1.86368016797561      -16.40510261033151       15.43502887846347      O
        2.49360696459427      -17.54739925242156       16.67023981334254      H
        3.14888099608895      -16.23728403723877       14.11551524681684      H
       -8.02579348739532       16.91494846280444      -21.40581549001461      O
       -9.44588950794702       17.32507018969734      -20.39219813066605      H
       -6.90983063552943       15.94160982401674      -20.36871361344238      H
       24.55683424278397       28.30512119846505       -4.16881503373882      O
       25.52695269834802       28.46286339187270       -2.64938685678133      H
       23.52880601025194       26.82502029198563       -3.99898926100760      H
      -18.48960393819515      -28.72500366951519       12.78900429147864      O
      -18.11780563274203      -26.90748028440003       12.62650167969703      H
      -18.76614818617410      -29.04264557190880       14.60066141370850      H
$end
