$coord
       -5.25404974590537      -10.47098483624988        4.72567707021461      O
       -6.84379582841180      -10.85080931513046        5.47802480928683      H
       -4.37913346853447       -9.36068449863877        5.91158121008270      H
       -9.79044709003098        4.28826170418809       -8.69931582862198      O
      -11.37564026889719        5.03963367932575       -9.25542067852339      H
       -9.96031319535701        2.55024368840909       -8.32473748823966      H
       16.25293559401403       13.04010418838005        0.06162937601254      O
       15.57106958161969       13.09035216997748       -1.56432606516508      H
       17.42889889805384       14.43754906075858        0.27097997226427      H
       -0.99396664479070       -6.94082656473382        6.89087365501824      O
       -2.47028571478060       -6.32624659043281        7.71588915143462      H
       -1.46172525564028       -6.98584459741228        5.10044941359477      H
$end
