$coord
       -0.85739469151850      -14.66949545212295       14.60010505471495      O
       -0.79694293843112      -16.45463219738702       14.21489806490819      H
       -0.57788415966676      -14.59250534694598       16.33283565121740      H
       -8.38727839835254       13.85538389042749      -17.87333302016223      O
       -8.62973383990798       12.16152862767867      -18.56179742243064      H
       -9.35560682222207       14.93458069857385      -18.99640865196402      H
       21.28639032934561       22.99245532664357       -2.71834557055948      O
       20.63261741848276       22.68465146978175       -4.40835706513541      H
       23.11108105978785       23.02031948583453       -2.93646495047928      H
      -12.17377563719331      -22.01324077236934        9.08623405545531      O
      -11.34636807825569      -23.24830410477327        8.02657683867194      H
      -10.98380592901866      -20.88807314557455        9.80848681877576      H
$end
