$coord
       15.89563484331103      -20.02188109591967       19.91202555310875      O
       16.61448624596849      -18.34925183106265       19.96427735628473      H
       14.44157921077025      -19.95315574692553       18.83486278804450      H
       -7.90311651850109       31.23011836588337      -37.09814092783639      O
       -7.62875639233967       31.10149592677241      -38.88789059312294      H
       -9.69079152322929       31.26416336037309      -36.83872388099218      H
       41.61041917424217       49.79573423205185       -9.55327304331395      O
       41.73410201034259       48.36629660390285      -10.68690839333535      H
       43.18447723036994       49.89219215204319       -8.65401401364764      H
      -49.48572501075026      -61.08151998451393       29.81757888212775      O
      -50.39308886594502      -60.13245730616465       28.55996257961712      H
      -50.19683704538021      -60.68943846755948       31.45171452550026      H
$end
