$coord
       -0.28762515406260      -13.24920997236739        1.44951591285896      O
       -0.39486081744750      -12.13264843329504        2.77070492873583      H
        0.82176287260559      -14.59149859141145        1.87832651668596      H
       -7.12857850070989      -10.98449588133477       -1.94933768970424      O
       -7.77536563677395      -12.52433234145934       -1.04201699970569      H
       -6.24580010844644       -9.89488316501853       -0.81315023554859      H
       -5.14325590206045       -8.66075143148047        2.40303413201592      O
       -3.69084155690214       -7.73420422548834        1.63693431100642      H
       -4.38598107404661      -10.06152392394478        3.42480401084784      H
       -0.83101389823680       -9.82972668151811        5.54082845690303      O
        0.71573189479554       -9.12861386543545        6.00137598329434      H
       -0.86473462557854      -11.07835275343263        6.87801057596058      H
      -10.96115597682888       -6.93534244131443       -2.67756925733986      O
      -11.55243652353379       -6.47503791072444       -1.02968827533869      H
       -9.99313467181279       -8.58175619845923       -2.49675328328706      H
       -7.53119985961993       -3.05536087315303       -2.87922379707497      O
       -5.84766525703156       -3.62163520387966       -3.54394536593181      H
       -9.02565015076134       -4.00294126162924       -3.42760613269950      H
       -6.59267078920483       -1.09755441748214        1.78177284290281      O
       -4.92714177678403       -0.87862947985433        1.58417901644846      H
       -7.36698636585034       -1.63097273174385        0.17639481683705      H
       -5.69177273479966       -4.81635681139532        5.44023770796453      O
       -6.38872543667455       -3.63789990355842        4.23687376187712      H
       -5.77556019855512       -6.47273551665149        4.61100293955942      H
       -9.30180027701470        5.61329882073614       -7.13502405039133      O
      -10.58798856790670        4.51077111847753       -7.50326268743412      H
       -7.81896584583493        5.29182955468051       -8.21359895070734      H
       -4.89764399735457        1.73496350345463       -3.42978184534666      O
       -5.44399930309480       -0.03128732833138       -3.26399757991314      H
       -5.60776019577884        2.86574213850606       -2.24575805465548      H
       -5.26737971114867        5.22101118312537        0.46350482274562      O
       -5.69854771800697        4.30707294086599        1.87941312913314      H
       -5.66607350099769        6.95089575679288        1.07297174811558      H
       -7.03983732412022        3.40017531710049        4.63111081510074      O
       -7.86547875166681        2.19709597815921        3.51626923988661      H
       -5.85831263510726        2.26936537652722        5.72109462451914      H
       -6.57792172173734        7.94275254073919       -3.87961399570271      O
       -6.07716591165149        6.41533046408958       -2.87912803231652      H
       -8.01096131376723        7.47270288900836       -4.98723139584908      H
        1.39161105356272       11.98680576768817        2.43780223984554      O
        2.53851817764093       11.03392475421251        3.70831578205578      H
        1.24419175379186       11.22980400885825        0.81384453891135      H
       -4.32851165005247       10.43225476515420        1.77345066442449      O
       -4.26377779803985       10.83194216613857       -0.07922483027645      H
       -3.18055096331181       11.56441858742813        2.55581216137539      H
       -5.52969866986351        8.57157962497259        6.36107909330391      O
       -6.72440115363021        7.20435352304795        6.29346657871574      H
       -6.12822198653785        9.76519065186196        5.08414700998481      H
        2.17026431171984       -6.85196112336429       -6.12205066204695      O
        3.80400222800861       -7.58251163638592       -6.20572222466584      H
        2.17712394691182       -5.12229961372444       -5.58764609178941      H
       -2.83340012082424       -3.27602160879654       -5.08935576860590      O
       -2.24649639039089       -1.61677478222758       -5.70529919137111      H
       -1.90975835154272       -4.49879424656255       -6.05827756355636      H
       -2.06699053433627       -4.72987713926163        0.23138582117085      O
       -0.29556164458294       -5.56075330504099        0.21544342746709      H
       -2.10305089237392       -4.03685370877739       -1.48872124275477      H
        0.26170760641732       -9.36731173430933       10.84163149562427      O
       -0.01082472675801       -8.50619280178311       12.39861183066040      H
        1.90393747226538       -8.79091591162869       10.17162129428478      H
       -0.97079546246719        0.53366114002711       -7.30576297176059      O
       -2.30920955201603        1.86681585135705       -6.94493199048282      H
       -0.23647119644205        0.44587173553412       -8.93501675705457      H
        2.74074394582718       -1.93437024113842       -4.32674096523682      O
        2.50945899823368       -2.19886353429424       -2.53699264756025      H
        1.77922683716294       -0.41879701272935       -4.68671111871062      H
       -1.49925092314814        0.40897830526785        1.63988519018661      O
       -1.14568270519545       -1.44380809775419        1.46539704955776      H
       -0.44165504095399        1.45462266486407        0.54809819366423      H
       -1.27845355108637       -4.22561872692554        7.04255751055350      O
       -1.46147361751478       -5.90173739995725        7.74722000247985      H
       -2.85669090271274       -4.09855602673226        6.18837304124042      H
       -4.42440091524222        4.16921010292279       -7.98242327400204      O
       -5.33796894444602        4.01634139563306       -6.35230187988304      H
       -3.40597547217681        5.79752515055396       -7.78922558519288      H
        0.21144669953969        2.87554926689124       -2.69743475285272      O
       -1.57344456229957        2.40123060891352       -2.84404925964767      H
        0.46006836522052        4.58667820372420       -2.91414670808049      H
       -0.09111886407896        5.59643360726184        1.96760444951190      O
       -0.59907313723446        5.92352371648795        3.64868787634569      H
       -1.66893294333675        5.75629231459725        1.04960527923257      H
       -2.61299851550927        1.08937782604756        6.43631216951343      O
       -2.27954243880778        0.88523385632807        4.70236750304545      H
       -1.72627543080928       -0.38424816210098        7.22040211235436      H
       -2.37425432630428        8.87771210710935       -6.72079636276448      O
       -4.06490530631340        8.80203858250666       -5.81600603699161      H
       -1.16905228935269        9.15063601342882       -5.31512468809588      H
        0.09954881266507        9.11627107906232       -2.10226838466987      O
        1.83288819369976        9.30985442537331       -2.73755714360653      H
        0.18795648093582        8.25120868132381       -0.50694238245024      H
        3.45428182905456        7.89498353228325        5.00335157255439      O
        2.01457635084609        7.43981680423333        5.84955375036202      H
        3.35440069389344        7.33792548243214        3.33636925182585      H
       -0.26587607692653        5.59964196192683        7.71407740464317      O
       -1.80549586218329        6.48332281091406        7.87908733283198      H
       -0.61398315280352        3.82958444000824        7.71484278556208      H
        6.78423532400081       -7.97353311260998       -3.67796750997354      O
        8.33211334696893       -8.57597001151102       -2.95081019959472      H
        5.73230362766875       -8.22711471431641       -2.18757923382367      H
        5.39110021677915      -10.48353173704531        2.33128070368640      O
        3.67699921968092      -10.23095615889248        1.56080355213783      H
        6.55113222191369       -9.11765965404417        1.74300789592600      H
        1.55992189784634       -8.73354314860786       -1.19879241080304      O
        0.51528689064170      -10.23315335689068       -0.81767938699849      H
        1.55403746005288       -8.70908027844447       -2.98532331768637      H
        3.82606410020984       -8.77227408140239        7.09304739924483      O
        4.57359659336794       -9.78932998501146        5.80289160279510      H
        3.86076403884279       -6.98299657038074        6.43271161081153      H
        2.08870244575150        2.27198866557865      -11.53894933181403      O
        3.16576976350048        0.96731856298758      -12.21929389186449      H
        3.24783880706272        3.50569665665714      -10.69236077114834      H
        8.08831049325423       -1.55693489876208       -4.22314665185889      O
        8.72462371723598       -2.50340340776251       -5.55989365331746      H
        6.22151634713830       -1.71417808491497       -4.28520608867676      H
        2.98718225489057       -2.50900969102747        0.62763044944108      O
        3.17686531735149       -0.78576001250204        1.03011336002637      H
        2.84279330884975       -3.30339475202969        2.29943213511610      H
        3.40341763856912       -4.00641489186273        5.56214384908258      O
        1.58721200028486       -3.81709277461395        6.04864121458025      H
        4.33447483981229       -2.57737043658764        6.06490191002971      H
        3.26510911767445        4.02016384705668       -7.01597459562556      O
        4.41246434869853        3.44127486367614       -5.57317884946318      H
        1.77892788024960        3.02708099239599       -6.76434781466935      H
        5.97513884191838        2.48302145411172       -2.85595418007207      O
        7.48020114676193        1.40793325443210       -2.82956329965257      H
        4.81004978999001        2.12688257421059       -1.34188401994210      H
        3.88311297847545        2.36644121545255        2.01162775947411      O
        5.32980545250231        3.40166107087621        2.59465378698492      H
        2.39035460541477        3.21257128455802        2.19983079731402      H
        8.55755918664266       -0.04665283795352        5.58729138499155      O
        9.54209987225559       -1.27352103998453        4.56353715224487      H
        9.21680888136705        1.61886566548706        5.28619314831403      H
        3.24458567542956        9.07585985652339       -6.98666822661164      O
        2.82120861701423        7.29755766227128       -7.31955426224859      H
        1.93992215788810        9.91339569234883       -7.95225746712654      H
        5.65110159596392        8.67671433674428       -2.22167431979503      O
        5.60292559473076        6.87882735360264       -2.42527098005654      H
        6.41135195521170        9.07533127814198       -3.77504777301359      H
        8.91408129969554        9.51517893267090        1.44295043224849      O
        7.45216171324267        9.55344553651654        0.24187421662640      H
        8.36751874559842       10.50267781549313        2.86708614156930      H
        8.19880663360858        4.99357368049969        3.62282218024063      O
        7.80422632231880        5.31026892147712        5.41467726045804      H
        8.61709410476395        6.62608396278969        2.88748050013752      H
        9.34008178467182       -7.30631733648112        1.75207043523533      O
       11.06059582132070       -7.64599171932746        1.65715497093048      H
        9.01042091941626       -5.52364360977855        1.44346822098834      H
        8.46097335929477       -2.51698382520608        0.58312054009777      O
        6.82723205657800       -1.86938127922181        1.06042694172217      H
        8.29721072564737       -2.39810018025969       -1.21500124736973      H
$end
