$coord
       -2.49563330565134       -8.52298086358709       -7.53940276253816      O
       -1.89345378634326      -10.02353347280606       -8.50336428984611      H
       -1.57101411973544       -7.22543196905248       -8.30962059742423      H
       -6.83104885626592       -9.91250772953315       -2.39599466094727      O
       -7.67200019800911      -11.44603825887362       -2.43897982188074      H
       -6.66488151848546       -9.25852944517363       -0.75398002430427      H
       -6.04736998702201       -9.03537634383807        2.89062005617016      O
       -5.24735825793966       -7.47337837823919        3.11013449413990      H
       -5.43967603458930      -10.17922153146306        4.15899123463160      H
       -2.47668862606173      -10.57605082993627        7.20349277551239      O
       -1.04361910039280      -11.88358476863431        6.86152054974678      H
       -1.89450293138543       -9.14042441685848        6.17794647266035      H
       -7.53984843470325       -5.67708420293376       -5.71956615881435      O
       -7.74781299809140       -7.23108054678855       -4.88666627181944      H
       -6.17920262995883       -5.76081485766099       -7.07228294441477      H
       -6.33611638425444       -3.55756082895270       -0.94518633728090      O
       -4.82125086738213       -4.42207225519970       -1.38318954224312      H
       -7.26226109956538       -4.29267820998755       -2.39585883425605      H
       -6.12230307371159       -1.19232205432342        3.54377226064937      O
       -4.30128602752152       -1.23286115808215        3.79226990925511      H
       -6.30356222866143       -2.19378600476263        2.09660667062104      H
       -6.17634296087384       -5.06977637654676        6.74348487131674      O
       -7.19841435349083       -3.78718183969194        5.94321502556453      H
       -6.62296129109267       -6.80752123171846        6.29989688483681      H
       -5.00057731188782        8.16891471453013       -7.41329798961177      O
       -3.28122642653507        7.53616183748239       -6.75034788260805      H
       -5.06341518830048        7.53216353649420       -9.10456836315981      H
       -5.10384304595994        1.31487778778374       -1.69919926125756      O
       -5.55287410411718       -0.50792099271308       -1.60940143461848      H
       -5.22028170520706        1.93263498617297       -0.07950144151367      H
       -7.11098980744158        4.59259398437431        2.97867412228431      O
       -7.53050323674607        3.71348799170438        4.60789780953897      H
       -7.79817220769092        6.24299981542498        2.96300121990234      H
       -7.37846925086248        3.71225449345560        7.98921160886462      O
       -8.31928277476032        2.23634556661676        8.08121084985061      H
       -5.34648544348360        3.49176456076394        8.34626495779699      H
       -5.61516953279293        6.92848145664716       -2.37521672775341      O
       -6.40355520751807        5.34023798280348       -1.61478058580983      H
       -5.86626224931053        7.24841125781467       -4.08954264878482      H
       -1.22008354594477        9.36327436312644       -0.56547543891467      O
       -2.61131748657919        8.14227231394422       -1.25219903674584      H
        0.09978638132761        8.55497031162317        0.23570822243055      H
       -6.87972723539886       10.10147091784098        1.91212957376806      O
       -7.79011821033427       10.63330321807972        0.26366271304237      H
       -5.18282205682613       10.00291057402415        1.51472655804538      H
       -6.32645982519206        8.45554457016669        6.54203582854489      O
       -7.41898496930487        7.36870240891605        7.39564097410740      H
       -7.18933390925304        9.89369791866392        5.76103946447776      H
        1.69413975548162       -4.80683230801391       -9.38789129936380      O
        0.77041793317100       -3.71765093250983       -8.19587748899392      H
        2.81116334284804       -5.57010115186619       -8.11380636007470      H
       -2.87035144708006       -6.78204757412041       -2.34659652775049      O
       -2.36007147280478       -5.97667037781338       -3.96118169988478      H
       -3.86482175906382       -8.24803968263961       -3.09058615614211      H
       -1.25344457622241       -6.02101151740432        3.98368292496614      O
        0.32874180718537       -6.88319019328389        4.13141781337396      H
       -0.95811352753808       -4.77638465330728        2.73741795991250      H
        0.77865120610859       -6.84792908272962       10.79240282697085      O
       -0.69623025950099       -7.85452872748039       10.12877757039216      H
        2.02433937446978       -7.33880264974407        9.57049259135063      H
       -1.51830553141056       -3.38357695524837       -5.71465932393296      O
       -0.40228711004959       -2.14584839408476       -4.76892265858012      H
       -3.03543317840690       -2.44280696953742       -6.04749297653335      H
        2.15570032530792       -0.51458170717296       -3.01560043104242      O
        2.70321165300028       -0.82024122061299       -1.33542448138700      H
        1.81934886749604        1.16896985590281       -3.49610652059636      H
       -0.74298294533717       -0.58032374815300        1.87067945196548      O
        0.33415275814828       -0.78331867480081        3.32191279602286      H
       -1.36482454118160        1.14288663237614        1.89194932783898      H
       -1.62655413873321       -2.32224069029321        9.31545387590600      O
       -0.96815038146339       -3.73715642709340       10.17389536683171      H
       -2.87360570873446       -2.83382291260145        7.90712533391893      H
       -4.12845303548389        1.99307468569833       -6.56279633818702      O
       -4.93669622102192        2.39397811544836       -4.99312895318196      H
       -2.75869976555590        3.10863817375854       -6.75805454230032      H
       -0.21558059073790        3.69984870741182       -2.15561869779696      O
       -1.85866698041684        2.85055843901979       -2.06224307801567      H
        0.49890959500812        3.89472553718957       -0.49695125604536      H
       -1.98645930295459        4.46081848024197        2.83697845022480      O
       -1.26628988305833        6.17951374654626        3.24517257544004      H
       -3.86908018587255        4.47806826657127        2.98545668885959      H
       -2.51838436859464        2.75139240969671        7.72708511065888      O
       -2.04454097328905        2.89296937052088        5.97176892292811      H
       -2.00451709415650        1.12576430885268        8.27038046946606      H
       -0.37305092865087        7.68709735438755       -5.22533955086015      O
       -1.03888437529424        8.83970186184694       -3.89215352560860      H
        0.28348773339106        6.29066098935452       -4.24739705170082      H
        3.77948427132062        6.87884512021499       -1.10375853904003      O
        4.64991539870524        7.40801829961318       -2.56755230375993      H
        4.71219059052846        5.63272529718688       -0.34843964871238      H
        1.74472972962821        8.36469318979041        4.38647734554916      O
        2.81939719522483        9.95613798953406        4.56779222987518      H
        0.33533033054872        8.23839114188092        5.67443954343429      H
       -1.59461152200984        8.20887619488199        9.03471201518601      O
       -3.10045752477692        8.73746882353994        8.07208361744623      H
       -1.71754409985340        6.45740453420877        9.26518229367487      H
        5.12110699341381       -7.07129370774852       -4.85770571553725      O
        5.81137861313108       -5.45008241291006       -5.48372971237792      H
        6.54552751077482       -7.75253160672229       -4.07038414372971      H
        4.82083421853152      -11.04435395970151        1.21079013296878      O
        4.00216844839003       -9.98426113015195        0.08034115578847      H
        6.57458070576637      -10.85098753630829        0.66061398216719      H
        2.62723195849125       -6.79312318193860       -0.68015609716217      O
        0.76899660595662       -6.57531825183200       -0.58362487051943      H
        3.13942048637966       -6.97647104417215       -2.40605611245727      H
        3.59994211284874       -8.47729921717111        5.21911924554244      O
        4.02727727364624       -9.85727054722300        4.01587931350750      H
        4.77804965994269       -7.12234440577572        5.08911105646822      H
        5.48346387036926       -1.15967629623227      -10.59148637485255      O
        4.17086108605772       -2.27851516192358      -11.14777754678987      H
        4.77365077958889        0.50640312735299      -10.27269646504172      H
        6.15545946732222       -1.97869769684134       -5.71113072969112      O
        6.21625484285029       -1.20791212996424       -7.46149747181953      H
        4.50731033256519       -1.54973127618287       -4.92839465349564      H
        4.42954247192135       -2.41258684270646        1.32602989077294      O
        4.21670317627861       -2.54760184791665        3.02611766682311      H
        3.75751583672701       -3.94488117918681        0.74474245718366      H
        3.11787240230260       -2.87858158597590        6.27700260885341      O
        2.44808045536608       -3.34254301806594        7.91035215056506      H
        3.99555552266557       -1.29101821370318        6.70273299656631      H
        3.23692489282538        2.70626555403854       -8.30005760568258      O
        4.48554722401041        2.54292244788574       -6.99748820117438      H
        2.88076366405631        4.55659918306424       -8.31032986821452      H
        7.78671358429125        3.36957097240990       -5.07168988419521      O
        9.44140633846813        2.86106383827059       -5.89059528799462      H
        7.68005082242664        2.52925686686915       -3.47283506990298      H
        6.78165178516805        2.54050881083703        0.34491135314067      O
        6.81361444811326        3.35791227543456        1.91924960724416      H
        5.73552729859189        1.14158672765273        0.43207085324577      H
        6.07899949033777        1.23357882351550        6.27428026555411      O
        5.99797223472874        2.91488891656049        5.58933867621843      H
        7.76627938231188        0.90750167524451        6.67660914984193      H
        2.99256610887619        8.09676535979419       -8.86351507131886      O
        2.46385968988651        8.50693829605936       -7.23042260577078      H
        2.01468395581791        8.75701825913392      -10.22014634650190      H
        7.14316511117067        8.36080107693079       -5.11564656492046      O
        7.61190209094877        6.53652835060455       -5.40113278487223      H
        6.68991018596560        9.05177533507121       -6.90163815621490      H
        7.46675827703253       10.24275176678288        1.45244847710925      O
        5.92168375025088       10.00320308609681        0.58009085253762      H
        8.51952093191504       11.33919947360683        0.46210421472770      H
        6.23601307088370        5.99504353505473        4.24602475044796      O
        4.46169169136096        6.61999055622297        4.23875144290628      H
        7.42778943707264        7.39541402023083        3.71911111938391      H
        9.19978343884574       -8.21070283282136       -0.83479492068845      O
       10.84341142688474       -8.31269123510877       -1.75546830442641      H
        8.93930353611948       -6.44778126294414       -0.72440926763671      H
        9.30135757498583       -3.22197657275004       -1.85748907918323      O
        8.70517793818805       -2.17917119641200       -0.44609365067999      H
        8.26987692825679       -2.98608401126813       -3.44327557172369      H
$end
