           1           2   1.0285716821718323     
           2           3   1.9195650944862128     
           3           4   1.0285714133390760     
           4           5   1.0004120428232235     
           1           6   1.0004120278397046     
           5           6  0.99942194135802009     
           1           7  0.96359160927879794     
           1           8  0.96359193150063216     
           2           9  0.96650271628827855     
           3          10  0.96650278251238897     
           4          11  0.96359191128121369     
           4          12  0.96359180897098196     
           5          13  0.98508115125271967     
           5          14  0.98508112543196891     
           6          15  0.98508106192428513     
           6          16  0.98508120323919979     
