           1           2  0.871817363292928     
           1           3  0.858471990517577     
           4           5  0.879533649852248     
           4           6  0.810675849865917     
           7           8  0.835171716611611     
           7           9  0.855613497288070     
          10          11  0.771697027126603     
          10          12  0.880028956980132     
          13          14  0.865198206438679     
          13          15  0.843796299712626     
          16          17  0.865643257286928     
          16          18  0.866606805039354     
          19          20  0.786523019434431     
          19          21  0.881595238561342     
          11          22  0.109036291379515     
          22          23  0.845368436178198     
          22          24  0.835969483145829     
