$coord
       -2.80367315083749       -5.93165978858097       -7.86023661081693      O
       -2.17639382947055       -6.93030770351919       -6.30575402318714      H
       -4.16762937803364       -6.77612763341998       -8.56317267665175      H
       -2.13433007595460       -7.87144387766492       -3.58504515212084      O
       -3.38057199083074       -8.09316841664833       -2.25367697113431      H
       -1.47237161412555       -6.10179763917319       -3.22293968998776      H
       -2.34959695227583       -7.63966507134904        2.47364406914915      O
       -1.00789359430789       -6.78183187335326        1.62708628126816      H
       -1.50887800834424       -8.27186865113182        3.92264850452399      H
        0.00162430980049       -8.11974055440306        7.50432062291932      O
        0.69839963322127       -8.58328704034658        9.15131838977881      H
        0.78889581795708       -6.49519170658409        7.07827756638396      H
       -0.75811264575899       -0.51790381468018       -8.41759131462932      O
       -1.72482894525857       -2.05484274266663       -8.84189102386180      H
       -1.62581980659835        0.02234661685302       -6.88587298871400      H
        0.06663288728148       -3.59783934722586       -2.85976604957676      O
        1.55193287417799       -3.46240627799956       -4.06950569140073      H
       -1.07439397203029       -2.23594083875656       -3.39128073751055      H
       -0.69817054470361       -2.62299923417843        2.37856483799692      O
        1.15690336695680       -3.09706204274643        2.32652955612263      H
       -0.60925664812888       -1.04195797388196        3.27082916636826      H
       -3.39041002160658       -3.31105924806332        6.63048212760169      O
       -1.95514598580007       -3.00386865825263        5.46452247713062      H
       -4.15628208233590       -4.90857529753233        6.25978528981360      H
       -3.28645703607054        0.31272732049392       -3.89245612769258      O
       -4.67979301611479       -0.44660624628558       -3.10155471378648      H
       -2.72945568620116        1.81384988392146       -2.91944125284346      H
       -5.35561625971861       -2.70360082841718       -0.05778163435081      O
       -6.30175359776577       -4.08956863465853        0.50705148873073      H
       -3.77527201631945       -2.70385331944596        0.78929247042123      H
       -4.54882215634067        1.06376017927389        3.95745264872366      O
       -4.63013772425175       -0.43084120168933        5.14155472781408      H
       -4.91305258437034        0.44239946997203        2.30126845517509      H
       -2.18948196625350        5.85969714154967        5.40196159107309      O
       -3.11275664149898        4.58715230894038        4.56798248764796      H
       -1.78507720120870        5.37935813145405        7.15003368724965      H
        0.46721173114833       10.53535314095908       -4.72598130098503      O
       -1.33462052783794       10.43707069907072       -5.19160791247074      H
        1.42606853728229       10.33397434463553       -6.22764848688949      H
        3.69741421429662        9.45150528221533       -0.80530845760604      O
        2.41284389991498        9.90588375029240       -1.97976734618924      H
        4.73966990294248       10.93568871647167       -0.73112004182804      H
       -2.34565216954949        7.89299727481850       -0.60355169404588      O
       -3.55294804621325        9.03718549160923        0.10828891349800      H
       -2.96043627084958        7.25357851418000       -2.12144193010318      H
        2.12318151550471        6.08950699860684        3.36831348674869      O
        0.36545229196885        5.75570369177719        4.03967758637456      H
        1.84266937078600        7.71670716027105        2.49582713820655      H
        7.18113285034855       -6.11907898512716       -5.10321708637537      O
        5.67632150045104       -5.05593169046528       -5.65031605575621      H
        8.53295072117471       -4.98753521911912       -5.32414819871684      H
        2.99725074171253       -8.92457717440343       -2.01552869305468      O
        4.43053449775849       -8.21221509065220       -2.77059524343003      H
        1.49687417517013       -8.50380682928063       -3.21154779548439      H
        3.89691914725620       -4.21342288473370        0.92279847862682      O
        3.34385375843851       -5.73347013134202        0.10902220139230      H
        3.60063329800353       -2.86450814593614       -0.26569379277903      H
        3.15222905144264       -3.37138191982136        6.63198304839336      O
        2.61888029177414       -1.58156290263571        6.35633209155724      H
        4.13291797101697       -4.24878491000921        5.40965959674949      H
        3.37403528014373       -2.57440684538261       -6.41851704578608      O
        4.42767435558178       -1.25860599159718       -5.85469972382976      H
        2.14057161763429       -1.96895911963202       -7.51578657512337      H
        3.01392084327011        0.74024535293339       -2.21910589916628      O
        4.13164856352036        1.67110921651386       -1.07801563332684      H
        1.37900453838484        1.33235253724399       -1.64783562011516      H
        1.27858822656387        1.58641162519588        5.81011803193463      O
        0.17990161495056        2.20346789168352        7.12359701327676      H
        2.57729939682461        2.88409846186425        5.67520822331461      H
       -1.70158525605823       -0.63807860040662       11.18963132778767      O
       -3.17508025322456       -0.86673184595929       10.25057611144551      H
       -0.45382544594109       -1.75542617099903       10.52643654841336      H
       -3.99279389779579        7.61370672818929       -6.22995457387644      O
       -2.97878324221105        6.57929727199002       -7.50186679336519      H
       -5.74615578110961        7.77602823655717       -6.76290151770632      H
        2.88305828327273        4.98620700885648       -5.59543429562012      O
        3.01821088240452        3.54326201490869       -4.58762530682651      H
        3.08241588303277        6.26044794477027       -4.29551373198184      H
       -0.75491149041844        3.17587703553700       -0.27539308867195      O
       -0.52099207317505        2.46027439941146        1.41828216851811      H
       -1.09865481910337        4.90943443481720       -0.06502240630687      H
       -1.79175553266886        4.49864389269559       10.68366494308975      O
       -1.49429211015566        5.44934143289028       12.19129452201440      H
       -1.92074070299472        2.76466759542976       11.15678578624759      H
       -0.90175258705390        4.90010790412541       -9.21619738798971      O
       -1.47980251928121        3.12793658718366       -9.35255675765197      H
        0.74989311031863        4.74278377491484       -8.44130329751455      H
        5.74145275111417        2.86562327455038        1.24502614069365      O
        7.09847363727763        4.08920520076795        1.49616847457522      H
        4.29951252574878        3.72615268534954        1.84422658188604      H
$end
