$coord
       -1.07531568518941       -6.47660925316106       -7.42048197200506      O
       -1.39300526452584       -7.12233130477161       -5.56960567964969      H
        0.61680152064033       -6.86105912625927       -7.98800695501110      H
       -0.90005650956839       -7.11793289179909       -2.45341140253078      O
       -1.93745666351896       -7.91182275568055       -1.14521001724349      H
       -0.75941545719247       -5.23291731265657       -2.01299531881287      H
       -2.80150090532759       -6.66066996829163        2.34788867288224      O
       -0.97286041677707       -6.22420695168522        2.36610321586621      H
       -3.06343454062686       -7.26170074958021        4.05861795083423      H
       -2.43149822704368       -7.86884037243032        7.27193908911576      O
       -2.97734968066580       -9.40541309428492        8.01772808706752      H
       -0.64180620619217       -7.73585055034310        7.74435193540843      H
       -0.08400963391576       -1.65749287718063       -8.13956620850029      O
       -0.52453811121011       -3.41171796414624       -7.88611175973648      H
       -1.36501046219367       -0.59205812873538       -7.43205532361619      H
       -0.69065814933381       -2.46217731358552       -1.13505262453708      O
        0.89971658957730       -1.74364187604453       -1.34336150241484      H
       -1.62427614370105       -1.57866438255118       -2.34579548888155      H
       -4.27321436300723       -1.93284351884417        2.88240298146817      O
       -4.01907705744189       -3.64936694025332        2.86123546117573      H
       -2.70698940314489       -0.96935228356183        2.38545563571857      H
       -2.63511121364465       -2.56952827673196        8.35074268236401      O
       -3.53470603607398       -2.92068133832043        6.72429032124469      H
       -3.51470326668080       -1.29301840919143        8.98471490597935      H
       -3.12840378253093        0.60583586460876       -4.08103460514955      O
       -4.80740207208238        0.53671545807167       -3.59833325156524      H
       -2.95699817861391        1.66756204490586       -5.65246285091860      H
       -7.28097774233055       -0.50881946412141       -1.43355496060119      O
       -7.76833055665503       -1.89439318455008       -2.46955352655901      H
       -6.20826959784464       -1.11648890172380       -0.11432045975928      H
       -6.71587018692260        2.34577717655078        4.67562128863135      O
       -6.78184262745278        0.45977215770466        4.45380984710536      H
       -8.28784439798838        2.76385133469970        3.83882638626978      H
       -1.57847121189446        3.73462593470384        4.90378791485151      O
       -3.36928456158465        3.46150088157885        4.49297644764143      H
       -1.47744559699051        3.92346565251687        6.83516186967746      H
        0.08175012692896        7.90354990638482       -4.84374054050238      O
       -0.30608098356872        6.22270746794806       -4.20915800921113      H
        0.56175939044892        7.70976845154039       -6.56392976252242      H
       -0.41888751307115       12.00360022950920       -0.98326916908253      O
       -0.73395844934902       10.85257277941738       -2.37822696122375      H
        0.90531977539613       13.18383668394203       -1.77108499727109      H
       -3.39352097096217        9.03101552301840        2.21428943632780      O
       -3.39131890700896       10.24528283578779        0.81340044694734      H
       -3.37980223003100        9.79164525290790        3.76624743743284      H
        2.05241019014766        7.46673343524782        3.86029849806613      O
        0.65846919371810        6.57640133844843        4.47629912519260      H
        1.16107369986231        8.48221694289728        2.50036173846134      H
        4.76491361602152       -6.44088904674608       -8.71832606587535      O
        4.95925541608268       -4.54947162207164       -8.57269875395347      H
        5.19467377964719       -6.94611975775429      -10.47801819961003      H
        4.45974990999115       -6.17451104223405       -1.46882374643825      O
        5.21793336856222       -4.58479654879201       -2.16409248677649      H
        3.18039873355992       -6.89197504460060       -2.41509454692611      H
        1.92711857050828       -5.84625526880108        2.93985603336172      O
        3.22890086375518       -6.09364514390054        1.39376043966987      H
        1.71717961109017       -3.95206900727256        2.42698123780376      H
        2.53963464582119       -6.44443739211340        8.05607266778281      O
        3.92895368066337       -7.48814106524974        7.91395735548041      H
        2.21563806534835       -5.95771503925394        6.33232903027690      H
        4.56917542383928       -1.36316344973769       -6.95161574713597      O
        5.09243635473768       -1.60334935075060       -5.25045310228721      H
        2.78534012838633       -1.79745126935982       -7.17236308094098      H
        5.22777331829290       -0.65783491772404       -1.56546406425245      O
        5.22281965952205       -0.50214095839189        0.47415349455862      H
        4.85162693534592        1.08586491141940       -2.01024060538572      H
        1.03762774132950       -0.00342142175693        2.81566074289985      O
        1.49771461230722       -0.03238981266561        4.59480979545346      H
        0.48591958845888        1.72848043190632        2.70495965425584      H
        2.16960675788646       -0.87783143216050        8.26264978483062      O
        0.49135666133607       -1.50058035489699        7.99624325031125      H
        2.83842686259210       -2.08886125188152        9.34842293865022      H
       -3.04734852795219        2.84077858737787       -8.46246076809754      O
       -1.34127252141938        3.19073285767437       -8.89554887081858      H
       -3.87300540827486        3.95697098625214       -9.55373232789697      H
        4.10332951867492        4.58883862155941       -3.40721663649057      O
        5.15003446262828        5.88414547847011       -2.63510169837373      H
        2.72095574466924        4.45742427482364       -2.23418129400689      H
       -0.23994412184728        4.31254947905455       -0.62715454136581      O
       -1.39271444373229        5.17629852919886        0.37764135853270      H
       -1.15351934207699        2.86179210834108       -1.15002407247818      H
       -0.09102333220148        3.51643729078167        9.70711707169849      O
        0.82653918392899        1.88428346793036        9.45795382840612      H
        0.92872466846388        4.93029501754372        9.39042593582895      H
        2.34630580929842        3.86480640887818       -8.77976230125751      O
        2.89000810278876        2.30211096591614       -9.64577222425076      H
        3.10758035369820        3.83147799312221       -7.02325023121275      H
        6.32560337036007        6.50532717304325        0.62037208939143      O
        4.70378181211393        6.60887834371217        1.67656059553517      H
        7.45915122024323        7.87390502595243        0.96663660885858      H
$end
