           1           2  0.86369329302151598     
           1           3  0.85699173255614014     
           4           5  0.86944011771588670     
           4           6  0.83296208293476515     
           7           8  0.83512760795146745     
           7           9  0.83900863845492768     
          10          11  0.86968237344560750     
          10          12  0.86994456420846689     
          13          14  0.79334887542533494     
          13          15  0.88650149770417508     
          16          17  0.82965922544703186     
          16          18  0.84726743997076737     
          19          20  0.81817347816064767     
          19          21  0.84543974396848953     
          22          23  0.80703262109481966     
          22          24  0.85924668006863925     
          25          26  0.85538007617569767     
          25          27  0.81271159921831582     
          28          29  0.84610805197848715     
          28          30  0.81782726055892296     
          31          32  0.87530366207098431     
          31          33  0.83599067740710897     
          34          35  0.91220723230933864     
          34          36  0.79956669561346339     
          37          38  0.78195596901185815     
          37          39  0.91494556037601260     
          40          41  0.85050450166634206     
          40          42  0.87540110352952272     
          43          44  0.90245582708479888     
          43          45  0.82633795774806973     
          46          47  0.84927829119931519     
          46          48  0.88358733414565249     
          49          50  0.80580210139774477     
          49          51  0.91582363890748320     
          52          53  0.86710107175052842     
          52          54  0.84673178937961269     
          55          56  0.82287400928316445     
          55          57  0.82600111939491161     
          58          59  0.91475867463130822     
          58          60  0.81452226238751879     
          61          62  0.85285091699893079     
          61          63  0.81522179372821368     
          64          65  0.85545674168440933     
          64          66  0.84482697193294087     
          67          68  0.83068771939343422     
          67          69  0.83774701414555952     
          70          71  0.80687819327581145     
          70          72  0.86206890002285730     
          73          74  0.86227589859369735     
          73          75  0.85058890189859626     
          76          77  0.79405432365648621     
          76          78  0.79889606566106730     
          79          80  0.81347935217092082     
          79          81  0.82080041750538180     
          82          83  0.83133684973842326     
          82          84  0.91238621640049655     
          85          86  0.86042273627361732     
          85          87  0.88574265246868300     
          88          89  0.90783961568132743     
          88          90  0.80641959455844847     
