$coord
       -1.85663004466102      -25.89855544013319       -2.31520994860989      O
       -1.87899219951688      -25.15562661405996       -0.68490706311070      H
       -0.45964735092075      -26.97407465673304       -2.61083665647377      H
       -0.64421486369754       53.96239895208949        1.51954095016078      O
       -0.18612243543136       52.20255087970167        1.29756731258793      H
       -1.30422373487058       54.62986696032565       -0.02281595519219      H
        2.29114005071791      -28.06585220996409        3.39363600432207      O
        3.87911228320756      -27.45385019874358        3.94212743224754      H
        2.43955273848888      -28.18049807032461        1.58794948655408      H
$end
