$coord
        1.58105742934203      -13.52333896145389       -1.08721967700358      O
        1.00483076922298      -14.58811279319768       -2.46963724315489      H
        2.27487566611718      -12.03785326495371       -2.00277288452792      H
       -0.37582188164842       28.59477082752622        0.72149267120992      O
       -0.34956695260479       30.33693412656769        1.30360392106780      H
        1.30928549515329       27.94570797675447        0.67794789088891      H
       -1.35098909655000      -15.31621906301154        2.97466331290625      O
       -2.83198137543834      -14.36102052440318        3.47731070222708      H
        0.05905281410330      -14.34297571032626        2.34712987788979      H
$end
