$coord
       -0.66784433591215      -20.74955997618405       -2.38320773162644      O
       -1.69913441641503      -19.23983224122156       -2.27729289628720      H
       -0.26966130768894      -21.33977141323350       -0.66757838098580      H
       -0.43456803556739       45.36458202333114        1.13645630999117      O
       -2.21461883395747       45.61014433483209        1.16391208787745      H
       -0.04423003945284       43.77484344945934        1.94649307441654      H
        1.05358146246719      -24.64261427631810        3.53050994900721      O
        2.64545304660589      -25.54828972928144        3.26961112677594      H
        1.49798340668206      -23.77940482602484        5.10108822165093      H
$end
