$coord
        3.73334884446474       -0.80335341766414        1.55867479096446      O
        2.92050315888196       -2.33696544974460        1.09239883930553      H
        2.53030197232540        0.03863962690668        2.70996465239598      H
       -1.49591960431819        3.26993609171900        0.44496697527891      O
       -1.00007842139829        2.66010301581735       -1.18460957910611      H
       -1.84580798971261        5.02218721656470        0.31899578281669      H
       -2.13002952375385       -2.66657280196446        0.61651969552425      O
       -3.16478264795516       -2.22271300630846       -0.95113512143195      H
       -2.02394125312786       -0.92529803942868        1.16837189579475      H
$end
