$coord
      -10.44629432871180      -29.31151251927178      -10.99402149684689      O
       -8.84913944444257      -28.88436091100271      -11.73832669009115      H
      -10.61676329806573      -31.01658492959168      -11.54707490642045      H
       -0.90358730712092       69.49670853316670        1.81442400148661      O
       -2.18472922886920       70.22229867862731        2.87868657500354      H
       -1.20856506239696       67.69947672806126        1.85333015294770      H
       11.31314755383852      -40.02090722214553       11.77439357582887      O
       12.43420184954867      -41.46415194431564       11.75649852911449      H
       10.14724500628895      -40.14897019741954       10.35670381557423      H
$end
