$coord
      -37.22966331676471      -31.69817657826180      -38.28242373066863      O
      -36.12104508841922      -33.07687248780571      -38.70040150866981      H
      -38.79874559949179      -32.36980382826174      -37.66449653564483      H
       -3.95099356707812      113.11088570103568        1.53111877955960      O
       -4.29131652137187      112.79254497973548        3.29415979154198      H
       -3.01965955767189      111.66137792913153        0.93367717224684      H
       41.05511732715300      -81.20127641053639       39.26030355920125      O
       42.46756131803077      -82.29767790919698       39.61477685594026      H
       40.90629001975545      -81.05613593263692       37.45481020238245      H
$end
