$coord
      -42.99725246435930      -31.46371121422963      -44.15715547102815      O
      -43.21861820974705      -30.22095449376473      -45.45857165192518      H
      -42.51247052047941      -30.60747502468127      -42.63010685584344      H
       -6.96761447032675      130.83149236107533       -0.23989212700013      O
       -7.58934824132502      130.56625326080277        1.45063200528538      H
       -5.79486525172939      129.49504158783660       -0.62758449724360      H
       49.85268319083454      -99.50960993109088       46.71610728747588      O
       49.26234199521780      -97.82679161066345       47.07563956940024      H
       50.78235974125987     -100.10066724369864       48.16142707758013      H
$end
