$coord
      -24.97737866060173      -31.82522927183783      -25.96151944907252      O
      -24.46474243282118      -30.51180268298751      -27.11356342663757      H
      -26.78608071080527      -31.83718984362373      -26.06931051454916      H
       -1.50830996201969       89.87370856515280        2.42657251665848      O
       -1.89756279043063       91.12641015749419        3.67697956215472      H
       -0.45394819978441       88.57370943522315        3.15789496890622      H
       26.53368060063743      -58.23722272318921       25.92579589616813      O
       25.45930197281909      -56.86034010312324       25.45369423496661      H
       26.50971544170309      -58.43477407505589       27.71715515387024      H
$end
