$coord
      -15.00478369575998      -30.85063827678342      -15.80520852221819      O
      -14.87080690678777      -30.11087915606312      -17.44831181993982      H
      -15.67745913195010      -32.52885091990279      -16.02858636833585      H
       -1.10612268494284       77.65964826707101        2.11410568521819      O
       -1.66923851447019       78.46075089249443        0.58586255153068      H
       -2.41662648240936       76.60731133649578        2.79842740296956      H
       16.17348311952191      -46.77841969894187       16.46798842426660      O
       17.14985507796727      -48.10760617929170       15.68480289559074      H
       15.61761174458439      -45.77392210421756       15.05429906336845      H
$end
