$coord
      -35.05925461844363      -33.20260128449191      -36.22807468063191      O
      -36.23990209517590      -32.98850308554563      -34.86154212185015      H
      -35.65689583398880      -34.58421624787994      -37.24595927287702      H
       -2.87206000996492      108.53146527539332        2.44625555425742      O
       -1.33694026347024      107.97496649856794        1.64475955588343      H
       -3.00154070327820      110.31855412602201        2.08189618032836      H
       37.97510598537956      -75.45541318909797       36.39961755719455      O
       37.86360423653732      -75.46797356472958       34.58846684354688      H
       36.80556537707553      -74.19188553479594       36.98417237371549      H
$end
