$coord
      -20.11910805797467      -31.62734640184785      -20.91343721609715      O
      -19.41695826070320      -29.94310563887631      -20.83458427890390      H
      -18.93998235383883      -32.63220103779751      -21.88696824461046      H
       -1.66348268277436       85.58568193838218        2.15050305714793      O
       -0.77527014348484       84.49313400468678        3.29990929987072      H
       -0.70831736708076       85.54917030674417        0.58917727647890      H
       21.45857417935957      -53.97005784499262       21.24098450936468      O
       21.25737225107872      -53.17335880298644       22.84967450792557      H
       22.90175441035703      -55.06985854477441       21.41047112316868      H
$end
