$coord
        0.70838113003507      -17.30294236933161       -2.00216037706590      O
        0.97958023950196      -19.09601544286280       -2.02173015427680      H
       -0.87024070988887      -16.92204847463843       -1.22843546970403      H
       -0.32175857172625       37.25671362923363        1.04744572845276      O
       -0.03784660703396       35.88382211671306       -0.10468744311684      H
       -1.78261577674671       38.19872029204849        0.53258901238889      H
       -0.32844543708371      -20.00276449414488        3.46295644509703      O
        1.28442849908765      -19.14960284760787        3.08324276755079      H
       -1.36957859460726      -19.09478272328080        4.68365580031863      H
$end
