$coord
      -28.31087780675205      -31.87100998112765      -29.26554810219662      O
      -29.16932434225152      -30.27763688692745      -29.30216803492513      H
      -28.70273770256338      -32.74245911904195      -30.79514996427536      H
       -2.13798739104663       96.31497356982867        2.35013019215167      O
       -1.51583350898678       96.00615871544083        0.66594202631205      H
       -2.57681104273781       98.08110485467823        2.42261848651196      H
       30.54977192317175      -64.66159345639997       29.53052264299602      O
       29.06708077925999      -63.79634252795738       28.90022736695841      H
       30.41770462875592      -64.75264633280597       31.34342124110133      H
$end
