$coord
      -31.97756321903141      -32.51402810770037      -32.95855821443877      O
      -30.51990521928178      -33.54999615819202      -33.25093627298173      H
      -33.46823220633672      -33.52980632828456      -33.09130961341334      H
       -2.35192461485844      102.27233254355133        2.32657499273497      O
       -2.75278379295286      103.26554983383016        3.79294456352567      H
       -1.56910365531536      100.71199961403092        2.85452184460547      H
       34.34317558782290      -69.75606771052129       33.06870841799469      O
       33.37128535830308      -69.46450856996809       31.56787124433590      H
       33.85426996783470      -68.43279433827233       34.21576579208123      H
$end
