$coord
        2.68569219700916       -6.86114442598099       -2.03683704825502      O
        3.42176899103606       -8.48903696103323       -1.98873680626334      H
        0.90442310760468       -6.85013684820241       -1.50486211971524      H
       -0.03335409902375       19.09922777975367        0.47443353115525      O
       -0.48420840705921       18.09639044926789        1.90680502173091      H
       -1.59104147399482       19.59570520093223       -0.32347174115836      H
       -2.52038647827283      -12.27168924771572        3.94994518104942      O
       -2.46885454650128      -12.15108672849599        5.69035688660213      H
       -2.75870869484369      -10.62793048019560        3.09567356627706      H
$end
