$coord
      -41.36602311495522      -30.50360131956223      -42.54442559158095      O
      -42.97500883712515      -30.49758718855487      -41.70839906055448      H
      -40.73725647225720      -32.20133266427564      -42.54829373937585      H
       -5.91644877251190      124.01388077376033        0.24936871304693      O
       -7.27599426759797      124.57474394459690        1.32263537278309      H
       -5.69404213396680      122.23366091130730        0.56824433726663      H
       47.35240440169443      -93.44969374154098       44.78375820772162      O
       47.99625395645074      -94.23018485119975       43.27911312924146      H
       46.70169551217458      -91.81240517365904       44.34397032240112      H
$end
