$coord
       -6.57364708585071      -27.49475333202037       -6.98643192578146      O
       -7.13307970439403      -26.02304055036556       -7.92912569140903      H
       -6.04560195105635      -28.59906135845467       -8.37155564103107      H
       -0.92107452984147       61.89435840961950        1.68376739086442      O
        0.42744062209200       61.24297102751682        0.65670481094380      H
       -0.77448581131102       63.71482217226973        1.68148097603550      H
        7.44980559011287      -34.60659649285771        7.95678032790429      O
        6.31021527327654      -33.73584057559479        6.85307103801196      H
        7.06866762190673      -34.25188092030719        9.72016188325392      H
$end
