$coord
      -39.32675859520604      -30.26741476392862      -40.22215372181047      O
      -38.71556632406963      -28.90025895801714      -39.20365017256117      H
      -38.80404237969298      -29.99203631101949      -41.93700102625940      H
       -5.16124751801880      117.95357223623463        0.55003225621249      O
       -6.42873711267128      119.10858471360680        1.16909212061721      H
       -5.55314763501492      116.32365727681200        1.25934378000348      H
       44.39760740398732      -87.77388318633074       42.05229933730105      O
       44.31307120866558      -87.14724075491409       43.75314976350992      H
       45.76927416599389      -88.95291641851297       41.95264663606902      H
$end
