$coord
        1.85922497828984       -3.02830088682743        0.78067782756098      O
        0.20270904381715       -3.43677142161368        1.29694143087034      H
        1.82960990839107       -2.10439224088966       -0.84201771758294      H
        0.01354556116557       10.20262433210802        0.10760374318524      O
        0.82690892645251        8.80847451357314        0.89503781057171      H
        0.11282072316634       11.71798069306507        1.15117635550436      H
       -1.91208165387922       -7.16341209091584        1.58723116682747      O
       -2.60252946032140       -8.48084886479739        2.57129303574129      H
       -0.60603833410920       -7.64278752866541        0.39584906421020      H
$end
