           1           2   1.8931439309242049     
           2           3   1.1078401625067666     
           1           4  0.13394732781452637     
           3           4   1.8931438491527495     
           5           6   2.0339790092205061     
           1           7  0.97381347791833150     
           1           8  0.97873461729792255     
           2           9  0.96888338452807143     
           3          10  0.96888339343411722     
           4          11  0.97873462734952521     
           4          12  0.97381349253103489     
           5          13  0.97748895946311443     
           5          14  0.97721898036747656     
           6          15  0.97721901933802868     
           6          16  0.97748892682891997     
