$hessian                                                                        
        0.6141509804  -0.0706004432  -0.1106940568  -0.1786226244   0.1669508383
        0.0638964462  -0.0437574266   0.0205915177   0.0063837720   0.0006339579
        0.0074060358   0.0019993573  -0.0042767703   0.0000321988  -0.0031171263
       -0.0045375566   0.0002962124   0.0078087633  -0.0806024896  -0.0933769675
        0.0121487675  -0.3022200083  -0.0239923867   0.0265437654   0.0059456272
       -0.0087944363  -0.0036259202  -0.0059325773   0.0006299382  -0.0008323158
        0.0001991052   0.0004749722   0.0007088114  -0.0016170018   0.0005279212
       -0.0005326744  -0.0004139606  -0.0002483281  -0.0004313662  -0.0004230537
        0.0001361236  -0.0003359463   0.0007225994   0.0000906749   0.0000629879
        0.0007511991  -0.0001238712   0.0000167348
       -0.0706004432   0.6738790324   0.0401907388   0.1286870304  -0.3177248988
       -0.0816339248   0.0496946945   0.0151256006  -0.0007908043  -0.0074019214
       -0.0170731838  -0.0164119135  -0.0213121084   0.0001231495   0.0120132270
        0.0233722014  -0.0034378718   0.0239548271  -0.0913990753  -0.2738565947
        0.0327329711  -0.0214119182  -0.0461362748   0.0016316071   0.0141490999
       -0.0300444490  -0.0057457592  -0.0003958846   0.0008901303   0.0003321278
       -0.0004989904  -0.0002764703   0.0000908361  -0.0028944972   0.0001537094
        0.0020256016   0.0003745633  -0.0003483038  -0.0017501546  -0.0001811852
       -0.0002405223  -0.0015629217  -0.0002203540  -0.0010993875  -0.0058842245
        0.0000387887   0.0000663347   0.0008077660
       -0.1106940568   0.0401907388   0.0892984631   0.0211820732  -0.0622081893
       -0.0510416808   0.0414771493   0.0123151381   0.0003343645  -0.0019943720
       -0.0164026314  -0.0254731073  -0.0395279212   0.0017815557   0.0199503583
        0.0474684602   0.0068743838   0.0386128664   0.0146987848   0.0227282034
       -0.0209329564   0.0294408857   0.0012662249  -0.0332911481   0.0009780877
       -0.0028278345   0.0022780941  -0.0001553772  -0.0006368486   0.0056933164
       -0.0000514376  -0.0002308188  -0.0006400972  -0.0002239319  -0.0005750706
        0.0031948332   0.0000749453  -0.0004379926  -0.0028125102   0.0002530543
       -0.0001024310  -0.0031009072  -0.0014265362  -0.0012477960  -0.0099608420
       -0.0014998075  -0.0004866319  -0.0121090467
       -0.1786226244   0.1286870304   0.0211820732   0.6165788092  -0.0376154974
       -0.0448031148  -0.2666189360   0.0390034341   0.0005879256  -0.0437434122
       -0.0496938823  -0.0415016304  -0.0333617529   0.0016645833   0.0253082465
        0.0332658829   0.0051021896   0.0315407020   0.0096211486  -0.0091924058
        0.0049352554  -0.0208265628   0.0255328823   0.0088023831  -0.0958336415
       -0.1033736250  -0.0028245969  -0.0182129633   0.0021117428   0.0044562118
       -0.0009748953  -0.0023475495  -0.0010020003  -0.0010430097   0.0009047299
        0.0050351951   0.0000936095   0.0000194717  -0.0026494115   0.0002309623
       -0.0003343873  -0.0032884231  -0.0004395862  -0.0004611600  -0.0030574263
       -0.0001130284  -0.0000075566  -0.0027213893
        0.1669508383  -0.3177248988  -0.0622081893  -0.0376154974   0.6692594277
        0.1213588949  -0.0390115565  -0.0893162663  -0.0022887273  -0.0205975049
        0.0151203977   0.0123119569   0.0186604782  -0.0014471955  -0.0132189407
       -0.0228095456  -0.0046287207  -0.0235342657   0.0108691053  -0.0278860837
       -0.0134017042   0.0005120222   0.0000503519   0.0008110981  -0.1020368869
       -0.2393287942  -0.0218618733   0.0266394086  -0.0031618096   0.0000603276
       -0.0024927480  -0.0030805051  -0.0036843132   0.0007725095   0.0008177474
       -0.0015646119  -0.0001381020   0.0001050150   0.0014968637  -0.0000203663
        0.0001576249   0.0013375694   0.0000647863   0.0002118346   0.0019561596
        0.0002530593   0.0008518749   0.0024297554
        0.0638964462  -0.0816339248  -0.0510416808  -0.0448031148   0.1213588949
        0.1538356695  -0.0006342324  -0.0022819580  -0.0465622058  -0.0063935136
       -0.0008000552   0.0003225633   0.0046624702  -0.0033161198  -0.0050594972
       -0.0099238834  -0.0047675548  -0.0165863828  -0.0023822716  -0.0004367691
       -0.0020360069   0.0023046124  -0.0028350906  -0.0010646141  -0.0079777141
       -0.0220048316  -0.0372148630   0.0024577074  -0.0004638402   0.0009109196
       -0.0028524263  -0.0023099837   0.0086306358   0.0010379443   0.0001509332
       -0.0041331706   0.0001188617  -0.0000894730   0.0003852265   0.0000427326
        0.0001170400   0.0001755404   0.0002065149   0.0000854869   0.0002948581
        0.0002398664  -0.0007727541  -0.0008569922
       -0.0437574266   0.0496946945   0.0414771493  -0.2666189360  -0.0390115565
       -0.0006342324   0.6165576111   0.0375858281   0.0449100376  -0.1785831664
       -0.1286685345  -0.0211997940   0.0332727494  -0.0051071267  -0.0315674387
       -0.0333664415  -0.0016583923  -0.0252857777  -0.0010425637  -0.0009057139
       -0.0050348030  -0.0009750630   0.0023464723   0.0010026198  -0.0182085178
       -0.0021134166  -0.0044615303  -0.0958503863   0.1033909519   0.0028186639
       -0.0208218146  -0.0255323372  -0.0088131491   0.0096213192   0.0091950078
       -0.0049311191  -0.0001122963   0.0000071101   0.0027229655  -0.0004403057
        0.0004633076   0.0030617541   0.0002308849   0.0003330026   0.0032863147
        0.0000943533  -0.0000192972   0.0026483393
        0.0205915177   0.0151256006   0.0123151381   0.0390034341  -0.0893162663
       -0.0022819580   0.0375858281   0.6692711853   0.1214160542  -0.1669376276
       -0.3177477203  -0.0622431917   0.0228299774  -0.0046371595  -0.0235742704
       -0.0186740396  -0.0014438334  -0.0132114878  -0.0007722122   0.0008172288
       -0.0015656220   0.0024940648  -0.0030805132  -0.0036814566  -0.0266405038
       -0.0031634870   0.0000511872   0.1020532573  -0.2393155565  -0.0218495396
       -0.0005135597   0.0000479694   0.0008080713  -0.0108624818  -0.0278861381
       -0.0134100798  -0.0002527712   0.0008526865   0.0024340850  -0.0000640767
        0.0002124179   0.0019596111   0.0000206812   0.0001578085   0.0013361727
        0.0001385120   0.0001057771   0.0014972862
        0.0063837720  -0.0007908043   0.0003343645   0.0005879256  -0.0022887273
       -0.0465622058   0.0449100376   0.1214160542   0.1538782901  -0.0639374113
       -0.0816937015  -0.0510531061   0.0099407687  -0.0047761295  -0.0166230626
       -0.0046756298  -0.0033177353  -0.0050655104  -0.0010377553   0.0001501642
       -0.0041360203   0.0028502610  -0.0023090941   0.0086339164  -0.0024616861
       -0.0004650172   0.0009093643   0.0079703950  -0.0219914991  -0.0372096573
       -0.0023077754  -0.0028396876  -0.0010683411   0.0023857449  -0.0004353217
       -0.0020379200  -0.0002403251  -0.0007737992  -0.0008579414  -0.0002068575
        0.0000868147   0.0002957610  -0.0000427360   0.0001176402   0.0001761517
       -0.0001187284  -0.0000891566   0.0003859171
        0.0006339579  -0.0074019214  -0.0019943720  -0.0437434122  -0.0205975049
       -0.0063935136  -0.1785831664  -0.1669376276  -0.0639374113   0.6140890961
        0.0706085726   0.1108027360  -0.0045412644  -0.0002956662  -0.0078160256
       -0.0042884290  -0.0000315866   0.0031214275  -0.0016170923  -0.0005274712
        0.0005313405   0.0001991501  -0.0004739609  -0.0007088779  -0.0059336028
       -0.0006299853   0.0008296826   0.0059448483   0.0087973754   0.0036267924
       -0.3021911060   0.0239732760  -0.0265885780  -0.0806085665   0.0933713342
       -0.0121602564   0.0007522555   0.0001238576  -0.0000175470   0.0007243309
       -0.0000920100  -0.0000639800  -0.0004226493  -0.0001352953   0.0003364420
       -0.0004143500   0.0002486135   0.0004321406
        0.0074060358  -0.0170731838  -0.0164026314  -0.0496938823   0.0151203977
       -0.0008000552  -0.1286685345  -0.3177477203  -0.0816937015   0.0706085726
        0.6738736781   0.0402213702  -0.0233874988  -0.0034392050   0.0239883520
        0.0213238909   0.0001176070   0.0120000787   0.0028937456   0.0001539357
        0.0020261045   0.0004985625  -0.0002767097   0.0000896930   0.0003953330
        0.0008898218   0.0003325458  -0.0141452124  -0.0300452673  -0.0057521267
        0.0213919770  -0.0461359304   0.0016369785   0.0913916563  -0.2738133818
        0.0327485964  -0.0000391181   0.0000671217   0.0008118010   0.0002188185
       -0.0011017985  -0.0058950311   0.0001808547  -0.0002403768  -0.0015611587
       -0.0003752009  -0.0003489885  -0.0017508155
        0.0019993573  -0.0164119135  -0.0254731073  -0.0415016304   0.0123119569
        0.0003225633  -0.0211997940  -0.0622431917  -0.0510531061   0.1108027360
        0.0402213702   0.0893324427  -0.0475280804   0.0068866334   0.0386747211
        0.0395787797   0.0017746108   0.0199368304   0.0002238417  -0.0005749289
        0.0031968633   0.0000511361  -0.0002305632  -0.0006427457   0.0001532446
       -0.0006362116   0.0056941816  -0.0009777475  -0.0028272561   0.0022781602
       -0.0294839379   0.0012669102  -0.0333016062  -0.0147138135   0.0227439438
       -0.0209319651   0.0014987558  -0.0004860531  -0.0121317642   0.0014267425
       -0.0012537594  -0.0099857450  -0.0002536078  -0.0001025000  -0.0031010253
       -0.0000759821  -0.0004390480  -0.0028146977
       -0.0042767703  -0.0213121084  -0.0395279212  -0.0333617529   0.0186604782
        0.0046624702   0.0332727494   0.0228299774   0.0099407687  -0.0045412644
       -0.0233874988  -0.0475280804   0.7115402201   0.0101349655   0.0880834913
       -0.4421933084   0.0031158134   0.0375650031   0.0005947019  -0.0006241983
        0.0040739881  -0.0000901555  -0.0001643134  -0.0010670854  -0.0000474513
       -0.0002147235   0.0017651316   0.0000564671  -0.0002970282   0.0017977610
       -0.0008240780  -0.0002539057   0.0026477702  -0.0007165288  -0.0010160834
        0.0064257989  -0.1083322935   0.1103664463  -0.0392429340  -0.1092334399
       -0.1163004355  -0.0160248322  -0.0208523006   0.0032571488  -0.0074865292
       -0.0209947948  -0.0047945344  -0.0060848006
        0.0000321988   0.0001231495   0.0017815557   0.0016645833  -0.0014471955
       -0.0033161198  -0.0051071267  -0.0046371595  -0.0047761295  -0.0002956662
       -0.0034392050   0.0068866334   0.0101349655   0.5745913235  -0.0525495855
       -0.0030380575  -0.0815975478   0.0038035765   0.0004632946   0.0001223474
        0.0004775295   0.0000264229  -0.0001405128  -0.0001187373   0.0000438857
        0.0000856583  -0.0000873480  -0.0000287203  -0.0004621924  -0.0001337501
        0.0002520099   0.0001883986  -0.0003333962  -0.0002309481  -0.0004712205
        0.0026651109   0.1092754394  -0.2350630719   0.0502617347  -0.1136016265
       -0.2440332347  -0.0054902523   0.0276280223  -0.0019946420   0.0001225225
       -0.0272186771  -0.0018248954   0.0008066555
       -0.0031171263   0.0120132270   0.0199503583   0.0253082465  -0.0132189407
       -0.0050594972  -0.0315674387  -0.0235742704  -0.0166230626  -0.0078160256
        0.0239883520   0.0386747211   0.0880834913  -0.0525495855   0.0848722460
       -0.0374536826   0.0038097102  -0.0515929744  -0.0010071240   0.0007218105
       -0.0032421223  -0.0002060604   0.0001680970  -0.0005438962   0.0001361084
        0.0003099270  -0.0008426276  -0.0001827653   0.0002184517  -0.0016712263
       -0.0000937718   0.0002184967   0.0008387076   0.0028360665   0.0017630971
       -0.0130582348  -0.0308512884   0.0498311588  -0.0336543798  -0.0077604450
       -0.0046133707  -0.0219652493  -0.0010731357   0.0004504840   0.0018804858
        0.0047649512   0.0004633555   0.0020367517
       -0.0045375566   0.0233722014   0.0474684602   0.0332658829  -0.0228095456
       -0.0099238834  -0.0333664415  -0.0186740396  -0.0046756298  -0.0042884290
        0.0213238909   0.0395787797  -0.4421933084  -0.0030380575  -0.0374536826
        0.7115395672  -0.0101911162  -0.0882497396  -0.0007158753   0.0010136190
       -0.0064217122  -0.0008204816   0.0002529543  -0.0026357202   0.0000573161
        0.0002967247  -0.0017971315  -0.0000467597   0.0002148564  -0.0017655922
       -0.0000896846   0.0001648695   0.0010645506   0.0005954148   0.0006254204
       -0.0040769754  -0.0209881215   0.0047990704   0.0060955210  -0.0208582940
       -0.0032540532   0.0074997936  -0.1091974321   0.1162787697   0.0160312103
       -0.1083557967  -0.1103755644   0.0392617514
        0.0002962124  -0.0034378718   0.0068743838   0.0051021896  -0.0046287207
       -0.0047675548  -0.0016583923  -0.0014438334  -0.0033177353  -0.0000315866
        0.0001176070   0.0017746108   0.0031158134  -0.0815975478   0.0038097102
       -0.0101911162   0.5745677902  -0.0525320671   0.0002303212  -0.0004702115
        0.0026603332  -0.0002517853   0.0001880230  -0.0003322170   0.0000286145
       -0.0004616081  -0.0001342163  -0.0000439629   0.0000859190  -0.0000878925
       -0.0000261966  -0.0001407638  -0.0001189518  -0.0004647487   0.0001224672
        0.0004799254   0.0272219769  -0.0018310128   0.0007951854  -0.0276258876
       -0.0019888946   0.0001312447   0.1135816065  -0.2440652140  -0.0055132329
       -0.1092830584  -0.2350161279   0.0502784742
        0.0078087633   0.0239548271   0.0386128664   0.0315407020  -0.0235342657
       -0.0165863828  -0.0252857777  -0.0132114878  -0.0050655104   0.0031214275
        0.0120000787   0.0199368304   0.0375650031   0.0038035765  -0.0515929744
       -0.0882497396  -0.0525320671   0.0849290834  -0.0028303178   0.0017585139
       -0.0130367724   0.0000953253   0.0002173903   0.0008461581   0.0001830483
        0.0002180778  -0.0016695124  -0.0001357191   0.0003096194  -0.0008415138
        0.0002074046   0.0001679699  -0.0005476954   0.0010079791   0.0007212145
       -0.0032411298  -0.0047587633   0.0004620073   0.0020346531   0.0010779398
        0.0004519160   0.0018780645   0.0077763142  -0.0046349515  -0.0219790973
        0.0308764104   0.0498475807  -0.0336770672
       -0.0806024896  -0.0913990753   0.0146987848   0.0096211486   0.0108691053
       -0.0023822716  -0.0010425637  -0.0007722122  -0.0010377553  -0.0016170923
        0.0028937456   0.0002238417   0.0005947019   0.0004632946  -0.0010071240
       -0.0007158753   0.0002303212  -0.0028303178   0.0904524138   0.1033726396
       -0.0135517037  -0.0132946315  -0.0266800896   0.0027246997  -0.0006038904
        0.0023266850   0.0025556262  -0.0000073039  -0.0003861739   0.0002215481
        0.0002802659  -0.0003188793   0.0002491353  -0.0029930639  -0.0007344490
       -0.0000010333  -0.0000746633  -0.0000738312   0.0000538669  -0.0000724094
       -0.0000639422  -0.0001002488   0.0002978311   0.0002164173   0.0003039745
       -0.0002223780   0.0000564441  -0.0001210227
       -0.0933769675  -0.2738565947   0.0227282034  -0.0091924058  -0.0278860837
       -0.0004367691  -0.0009057139   0.0008172288   0.0001501642  -0.0005274712
        0.0001539357  -0.0005749289  -0.0006241983   0.0001223474   0.0007218105
        0.0010136190  -0.0004702115   0.0017585139   0.1033726396   0.3054815840
       -0.0217553791  -0.0025969799  -0.0040591880   0.0001014475   0.0030367062
       -0.0032781362  -0.0013122866  -0.0003883554   0.0003803303  -0.0000376873
       -0.0002843096   0.0002646731  -0.0000583337   0.0007341266   0.0012788955
        0.0000918692  -0.0001189963  -0.0000076969   0.0000343789   0.0000342039
        0.0001276281  -0.0001615126  -0.0001471832   0.0009047110  -0.0010472014
       -0.0000287143   0.0000265771  -0.0002022887
        0.0121487675   0.0327329711  -0.0209329564   0.0049352554  -0.0134017042
       -0.0020360069  -0.0050348030  -0.0015656220  -0.0041360203   0.0005313405
        0.0020261045   0.0031968633   0.0040739881   0.0004775295  -0.0032421223
       -0.0064217122   0.0026603332  -0.0130367724  -0.0135517037  -0.0217553791
        0.0313611602   0.0016468276   0.0027818998   0.0017302425   0.0016178123
       -0.0038412512   0.0084617837  -0.0001120293   0.0001086912  -0.0005145870
       -0.0000736084  -0.0001313083   0.0003204596  -0.0000003297   0.0000921815
        0.0003197082   0.0001345217  -0.0001584298   0.0004562945  -0.0000820598
       -0.0000218123   0.0001940916   0.0001787266   0.0004119829  -0.0022116326
        0.0000090065  -0.0004161866   0.0000694943
       -0.3022200083  -0.0214119182   0.0294408857  -0.0208265628   0.0005120222
        0.0023046124  -0.0009750630   0.0024940648   0.0028502610   0.0001991501
        0.0004985625   0.0000511361  -0.0000901555   0.0000264229  -0.0002060604
       -0.0008204816  -0.0002517853   0.0000953253  -0.0132946315  -0.0025969799
        0.0016468276   0.3372071554   0.0205652966  -0.0344354881   0.0010964359
       -0.0004495649  -0.0012132801  -0.0007855041   0.0000768157  -0.0001279736
        0.0001047292   0.0001546353  -0.0002132628   0.0002803307   0.0002843478
        0.0000736302   0.0001242076  -0.0000428949   0.0000559003   0.0001695956
        0.0001005579   0.0000669920  -0.0001036396  -0.0003136999  -0.0001550115
       -0.0000655582   0.0003541174  -0.0002344940
       -0.0239923867  -0.0461362748   0.0012662249   0.0255328823   0.0000503519
       -0.0028350906   0.0023464723  -0.0030805132  -0.0023090941  -0.0004739609
       -0.0002767097  -0.0002305632  -0.0001643134  -0.0001405128   0.0001680970
        0.0002529543   0.0001880230   0.0002173903  -0.0266800896  -0.0040591880
        0.0027818998   0.0205652966   0.0521607302   0.0004644414   0.0012600685
        0.0008909031   0.0003598196   0.0011498483  -0.0001063609   0.0001238940
       -0.0001545576   0.0002206395   0.0001767177   0.0003188990   0.0002644305
       -0.0001313856   0.0000470213   0.0000260715  -0.0000522192   0.0000691577
        0.0000311022   0.0000172144  -0.0002984852  -0.0001415277  -0.0001806209
        0.0002211930   0.0001088352   0.0001632748
        0.0265437654   0.0016316071  -0.0332911481   0.0088023831   0.0008110981
       -0.0010646141   0.0010026198  -0.0036814566   0.0086339164  -0.0007088779
        0.0000896930  -0.0006427457  -0.0010670854  -0.0001187373  -0.0005438962
       -0.0026357202  -0.0003322170   0.0008461581   0.0027246997   0.0001014475
        0.0017302425  -0.0344354881   0.0004644414   0.0289479475  -0.0003399706
        0.0012515930  -0.0039373759   0.0009549475  -0.0001939933   0.0001812761
        0.0002132716   0.0001768565  -0.0006095229  -0.0002494786  -0.0000582855
        0.0003204361  -0.0000171767  -0.0000731548  -0.0001281685  -0.0000357019
        0.0000545835  -0.0001286246  -0.0002914001  -0.0001495955  -0.0002104568
       -0.0004607875   0.0000261201  -0.0001034237
        0.0059456272   0.0141490999   0.0009780877  -0.0958336415  -0.1020368869
       -0.0079777141  -0.0182085178  -0.0266405038  -0.0024616861  -0.0059336028
        0.0003953330   0.0001532446  -0.0000474513   0.0000438857   0.0001361084
        0.0000573161   0.0000286145   0.0001830483  -0.0006038904   0.0030367062
        0.0016178123   0.0010964359   0.0012600685  -0.0003399706   0.1137852758
        0.1115278656   0.0087040353   0.0004566381  -0.0010633830  -0.0001513667
       -0.0007852015  -0.0011499848  -0.0009554212  -0.0000070365   0.0003884581
        0.0001122667  -0.0000506645  -0.0000732010   0.0000348677   0.0000031192
        0.0001207016   0.0000614207   0.0000050837  -0.0000053466  -0.0000203402
        0.0001205100   0.0000185729  -0.0000743928
       -0.0087944363  -0.0300444490  -0.0028278345  -0.1033736250  -0.2393287942
       -0.0220048316  -0.0021134166  -0.0031634870  -0.0004650172  -0.0006299853
        0.0008898218  -0.0006362116  -0.0002147235   0.0000856583   0.0003099270
        0.0002967247  -0.0004616081   0.0002180778   0.0023266850  -0.0032781362
       -0.0038412512  -0.0004495649   0.0008909031   0.0012515930   0.1115278656
        0.2724411197   0.0277646348   0.0010632271   0.0011656228   0.0004748560
       -0.0000767339  -0.0001062773  -0.0001940200   0.0003860160   0.0003804951
        0.0001085972  -0.0000781014   0.0000639164   0.0000277173   0.0001457021
        0.0001169999   0.0000161252  -0.0000775513   0.0002575923  -0.0000348353
        0.0000619177   0.0000906222  -0.0001675268
       -0.0036259202  -0.0057457592   0.0022780941  -0.0028245969  -0.0218618733
       -0.0372148630  -0.0044615303   0.0000511872   0.0009093643   0.0008296826
        0.0003325458   0.0056941816   0.0017651316  -0.0000873480  -0.0008426276
       -0.0017971315  -0.0001342163  -0.0016695124   0.0025556262  -0.0013122866
        0.0084617837  -0.0012132801   0.0003598196  -0.0039373759   0.0087040353
        0.0277646348   0.0274622835   0.0001518288   0.0004750094  -0.0015846090
        0.0001275537   0.0001235647   0.0001809758  -0.0002216978  -0.0000377784
       -0.0005144222  -0.0000023337   0.0000045440   0.0000494723   0.0000141624
        0.0000533051   0.0002138501   0.0000328463   0.0000350013   0.0004323868
       -0.0000343763  -0.0000203500   0.0000810180
       -0.0059325773  -0.0003958846  -0.0001553772  -0.0182129633   0.0266394086
        0.0024577074  -0.0958503863   0.1020532573   0.0079703950   0.0059448483
       -0.0141452124  -0.0009777475   0.0000564671  -0.0000287203  -0.0001827653
       -0.0000467597  -0.0000439629  -0.0001357191  -0.0000073039  -0.0003883554
       -0.0001120293  -0.0007855041   0.0011498483   0.0009549475   0.0004566381
        0.0010632271   0.0001518288   0.1138055254  -0.1115468814  -0.0086908488
        0.0010962371  -0.0012602399   0.0003407607  -0.0006022933  -0.0030359529
       -0.0016196091   0.0001204870  -0.0000185130   0.0000744332   0.0000049449
        0.0000054648   0.0000202547   0.0000031556  -0.0001205537  -0.0000614036
       -0.0000505157   0.0000730704  -0.0000348273
        0.0006299382   0.0008901303  -0.0006368486   0.0021117428  -0.0031618096
       -0.0004638402   0.1033909519  -0.2393155565  -0.0219914991   0.0087973754
       -0.0300452673  -0.0028272561  -0.0002970282  -0.0004621924   0.0002184517
        0.0002148564   0.0000859190   0.0003096194  -0.0003861739   0.0003803303
        0.0001086912   0.0000768157  -0.0001063609  -0.0001939933  -0.0010633830
        0.0011656228   0.0004750094  -0.1115468814   0.2724270056   0.0277507824
        0.0004492099   0.0008907657   0.0012517100  -0.0023256022  -0.0032780485
       -0.0038419851  -0.0000618047   0.0000904008  -0.0001677466   0.0000776469
        0.0002576187  -0.0000350211  -0.0001457375   0.0001172920   0.0000161828
        0.0000780738   0.0000641501   0.0000277431
       -0.0008323158   0.0003321278   0.0056933164   0.0044562118   0.0000603276
        0.0009109196   0.0028186639  -0.0218495396  -0.0372096573   0.0036267924
       -0.0057521267   0.0022781602   0.0017977610  -0.0001337501  -0.0016712263
       -0.0017655922  -0.0000878925  -0.0008415138   0.0002215481  -0.0000376873
       -0.0005145870  -0.0001279736   0.0001238940   0.0001812761  -0.0001513667
        0.0004748560  -0.0015846090  -0.0086908488   0.0277507824   0.0274580253
        0.0012143684   0.0003597957  -0.0039362241  -0.0025568806  -0.0013135590
        0.0084586059   0.0000343963  -0.0000197101   0.0000810527  -0.0000331077
        0.0000354023   0.0004334815  -0.0000141294   0.0000528395   0.0002136335
        0.0000024729   0.0000042401   0.0000493463
        0.0001991052  -0.0004989904  -0.0000514376  -0.0009748953  -0.0024927480
       -0.0028524263  -0.0208218146  -0.0005135597  -0.0023077754  -0.3021911060
        0.0213919770  -0.0294839379  -0.0008240780   0.0002520099  -0.0000937718
       -0.0000896846  -0.0000261966   0.0002074046   0.0002802659  -0.0002843096
       -0.0000736084   0.0001047292  -0.0001545576   0.0002132716  -0.0007852015
       -0.0000767339   0.0001275537   0.0010962371   0.0004492099   0.0012143684
        0.3371765944  -0.0205440437   0.0344823085  -0.0132942961   0.0025957677
       -0.0016489280  -0.0000659637  -0.0003545039   0.0002348469  -0.0001039075
        0.0003142756   0.0001553424   0.0001696925  -0.0001005747  -0.0000671948
        0.0001243230   0.0000429780  -0.0000560158
        0.0004749722  -0.0002764703  -0.0002308188  -0.0023475495  -0.0030805051
       -0.0023099837  -0.0255323372   0.0000479694  -0.0028396876   0.0239732760
       -0.0461359304   0.0012669102  -0.0002539057   0.0001883986   0.0002184967
        0.0001648695  -0.0001407638   0.0001679699  -0.0003188793   0.0002646731
       -0.0001313083   0.0001546353   0.0002206395   0.0001768565  -0.0011499848
       -0.0001062773   0.0001235647  -0.0012602399   0.0008907657   0.0003597957
       -0.0205440437   0.0521601535   0.0004651524   0.0266779902  -0.0040563028
        0.0027854275  -0.0002218199   0.0001085533   0.0001637712   0.0002993418
       -0.0001421945  -0.0001811173  -0.0000691721   0.0000312802   0.0000173321
       -0.0000471529   0.0000260109  -0.0000523612
        0.0007088114   0.0000908361  -0.0006400972  -0.0010020003  -0.0036843132
        0.0086306358  -0.0088131491   0.0008080713  -0.0010683411  -0.0265885780
        0.0016369785  -0.0333016062   0.0026477702  -0.0003333962   0.0008387076
        0.0010645506  -0.0001189518  -0.0005476954   0.0002491353  -0.0000583337
        0.0003204596  -0.0002132628   0.0001767177  -0.0006095229  -0.0009554212
       -0.0001940200   0.0001809758   0.0003407607   0.0012517100  -0.0039362241
        0.0344823085   0.0004651524   0.0289752111  -0.0027290304   0.0001018472
        0.0017276452   0.0004618874   0.0000261082  -0.0001037543   0.0002924068
       -0.0001499114  -0.0002106876   0.0000361995   0.0000545922  -0.0001279367
        0.0000176113  -0.0000730872  -0.0001277695
       -0.0016170018  -0.0028944972  -0.0002239319  -0.0010430097   0.0007725095
        0.0010379443   0.0096213192  -0.0108624818   0.0023857449  -0.0806085665
        0.0913916563  -0.0147138135  -0.0007165288  -0.0002309481   0.0028360665
        0.0005954148  -0.0004647487   0.0010079791  -0.0029930639   0.0007341266
       -0.0000003297   0.0002803307   0.0003188990  -0.0002494786  -0.0000070365
        0.0003860160  -0.0002216978  -0.0006022933  -0.0023256022  -0.0025568806
       -0.0132942961   0.0266779902  -0.0027290304   0.0904569382  -0.1033674441
        0.0135647602  -0.0002228077  -0.0000566037   0.0001215697   0.0002977149
       -0.0002164960  -0.0003050387  -0.0000724252   0.0000638330   0.0001000192
       -0.0000746886   0.0000737913  -0.0000538826
        0.0005279212   0.0001537094  -0.0005750706   0.0009047299   0.0008177474
        0.0001509332   0.0091950078  -0.0278861381  -0.0004353217   0.0933713342
       -0.2738133818   0.0227439438  -0.0010160834  -0.0004712205   0.0017630971
        0.0006254204   0.0001224672   0.0007212145  -0.0007344490   0.0012788955
        0.0000921815   0.0002843478   0.0002644305  -0.0000582855   0.0003884581
        0.0003804951  -0.0000377784  -0.0030359529  -0.0032780485  -0.0013135590
        0.0025957677  -0.0040563028   0.0001018472  -0.1033674441   0.3054353308
       -0.0217747211   0.0000290309   0.0000266315  -0.0002027375   0.0001470548
        0.0009058791  -0.0010488356  -0.0000342954   0.0001274706  -0.0001612573
        0.0001191521  -0.0000079654   0.0000343494
       -0.0005326744   0.0020256016   0.0031948332   0.0050351951  -0.0015646119
       -0.0041331706  -0.0049311191  -0.0134100798  -0.0020379200  -0.0121602564
        0.0327485964  -0.0209319651   0.0064257989   0.0026651109  -0.0130582348
       -0.0040769754   0.0004799254  -0.0032411298  -0.0000010333   0.0000918692
        0.0003197082   0.0000736302  -0.0001313856   0.0003204361   0.0001122667
        0.0001085972  -0.0005144222  -0.0016196091  -0.0038419851   0.0084586059
       -0.0016489280   0.0027854275   0.0017276452   0.0135647602  -0.0217747211
        0.0313925834  -0.0000089405  -0.0004165751   0.0000690350  -0.0001797558
        0.0004138744  -0.0022161548   0.0000820802  -0.0000215453   0.0001932680
       -0.0001344393  -0.0001580987   0.0004568825
       -0.0004139606   0.0003745633   0.0000749453   0.0000936095  -0.0001381020
        0.0001188617  -0.0001122963  -0.0002527712  -0.0002403251   0.0007522555
       -0.0000391181   0.0014987558  -0.1083322935   0.1092754394  -0.0308512884
       -0.0209881215   0.0272219769  -0.0047587633  -0.0000746633  -0.0001189963
        0.0001345217   0.0001242076   0.0000470213  -0.0000171767  -0.0000506645
       -0.0000781014  -0.0000023337   0.0001204870  -0.0000618047   0.0000343963
       -0.0000659637  -0.0002218199   0.0004618874  -0.0002228077   0.0000290309
       -0.0000089405   0.1276029413  -0.1255833390   0.0318540990   0.0061909059
       -0.0116709801   0.0027818519  -0.0057864477   0.0001149308  -0.0012816852
        0.0011628121   0.0011020701   0.0002011939
       -0.0002483281  -0.0003483038  -0.0004379926   0.0000194717   0.0001050150
       -0.0000894730   0.0000071101   0.0008526865  -0.0007737992   0.0001238576
        0.0000671217  -0.0004860531   0.1103664463  -0.2350630719   0.0498311588
        0.0047990704  -0.0018310128   0.0004620073  -0.0000738312  -0.0000076969
       -0.0001584298  -0.0000428949   0.0000260715  -0.0000731548  -0.0000732010
        0.0000639164   0.0000045440  -0.0000185130   0.0000904008  -0.0000197101
       -0.0003545039   0.0001085533   0.0000261082  -0.0000566037   0.0000266315
       -0.0004165751  -0.1255833390   0.2564220763  -0.0535337727   0.0119258800
       -0.0236965456   0.0052750990   0.0003115919   0.0016351228   0.0011253814
       -0.0011022134   0.0015490354  -0.0007353383
       -0.0004313662  -0.0017501546  -0.0028125102  -0.0026494115   0.0014968637
        0.0003852265   0.0027229655   0.0024340850  -0.0008579414  -0.0000175470
        0.0008118010  -0.0121317642  -0.0392429340   0.0502617347  -0.0336543798
        0.0060955210   0.0007951854   0.0020346531   0.0000538669   0.0000343789
        0.0004562945   0.0000559003  -0.0000522192  -0.0001281685   0.0000348677
        0.0000277173   0.0000494723   0.0000744332  -0.0001677466   0.0000810527
        0.0002348469   0.0001637712  -0.0001037543   0.0001215697  -0.0002027375
        0.0000690350   0.0318540990  -0.0535337727   0.0409357479   0.0002463410
        0.0000157610   0.0009248794   0.0010494766   0.0004010990   0.0090694394
       -0.0002026288  -0.0007357668  -0.0043172825
       -0.0004230537  -0.0001811852   0.0002530543   0.0002309623  -0.0000203663
        0.0000427326  -0.0004403057  -0.0000640767  -0.0002068575   0.0007243309
        0.0002188185   0.0014267425  -0.1092334399  -0.1136016265  -0.0077604450
       -0.0208582940  -0.0276258876   0.0010779398  -0.0000724094   0.0000342039
       -0.0000820598   0.0001695956   0.0000691577  -0.0000357019   0.0000031192
        0.0001457021   0.0000141624   0.0000049449   0.0000776469  -0.0000331077
       -0.0001039075   0.0002993418   0.0002924068   0.0002977149   0.0001470548
       -0.0001797558   0.0061909059   0.0119258800   0.0002463410   0.1281163589
        0.1298954201   0.0055877773   0.0011802028  -0.0010100281   0.0004015883
       -0.0057867251  -0.0003100555  -0.0010448172
        0.0001361236  -0.0002405223  -0.0001024310  -0.0003343873   0.0001576249
        0.0001170400   0.0004633076   0.0002124179   0.0000868147  -0.0000920100
       -0.0011017985  -0.0012537594  -0.1163004355  -0.2440332347  -0.0046133707
       -0.0032540532  -0.0019888946   0.0004519160  -0.0000639422   0.0001276281
       -0.0000218123   0.0001005579   0.0000311022   0.0000545835   0.0001207016
        0.0001169999   0.0000533051   0.0000054648   0.0002576187   0.0000354023
        0.0003142756  -0.0001421945  -0.0001499114  -0.0002164960   0.0009058791
        0.0004138744  -0.0116709801  -0.0236965456   0.0000157610   0.1298954201
        0.2661923919   0.0050675682   0.0010100446   0.0015663027  -0.0005560785
       -0.0001135916   0.0016352249   0.0004010980
       -0.0003359463  -0.0015629217  -0.0031009072  -0.0032884231   0.0013375694
        0.0001755404   0.0030617541   0.0019596111   0.0002957610  -0.0000639800
       -0.0058950311  -0.0099857450  -0.0160248322  -0.0054902523  -0.0219652493
        0.0074997936   0.0001312447   0.0018780645  -0.0001002488  -0.0001615126
        0.0001940916   0.0000669920   0.0000172144  -0.0001286246   0.0000614207
        0.0000161252   0.0002138501   0.0000202547  -0.0000350211   0.0004334815
        0.0001553424  -0.0001811173  -0.0002106876  -0.0003050387  -0.0010488356
       -0.0022161548   0.0027818519   0.0052750990   0.0009248794   0.0055877773
        0.0050675682   0.0289423727  -0.0004031066  -0.0005555072  -0.0045201456
        0.0012863891   0.0011257668   0.0090694727
        0.0007225994  -0.0002203540  -0.0014265362  -0.0004395862   0.0000647863
        0.0002065149   0.0002308849   0.0000206812  -0.0000427360  -0.0004226493
        0.0001808547  -0.0002536078  -0.0208523006   0.0276280223  -0.0010731357
       -0.1091974321   0.1135816065   0.0077763142   0.0002978311  -0.0001471832
        0.0001787266  -0.0001036396  -0.0002984852  -0.0002914001   0.0000050837
       -0.0000775513   0.0000328463   0.0000031556  -0.0001457375  -0.0000141294
        0.0001696925  -0.0000691721   0.0000361995  -0.0000724252  -0.0000342954
        0.0000820802  -0.0057864477   0.0003115919   0.0010494766   0.0011802028
        0.0010100446  -0.0004031066   0.1280746950  -0.1298745104  -0.0056115153
        0.0061903355  -0.0119302985  -0.0002459909
        0.0000906749  -0.0010993875  -0.0012477960  -0.0004611600   0.0002118346
        0.0000854869   0.0003330026   0.0001578085   0.0001176402  -0.0001352953
       -0.0002403768  -0.0001025000   0.0032571488  -0.0019946420   0.0004504840
        0.1162787697  -0.2440652140  -0.0046349515   0.0002164173   0.0009047110
        0.0004119829  -0.0003136999  -0.0001415277  -0.0001495955  -0.0000053466
        0.0002575923   0.0000350013  -0.0001205537   0.0001172920   0.0000528395
       -0.0001005747   0.0000312802   0.0000545922   0.0000638330   0.0001274706
       -0.0000215453   0.0001149308   0.0016351228   0.0004010990  -0.0010100281
        0.0015663027  -0.0005555072  -0.1298745104   0.2662309898   0.0050870067
        0.0116663917  -0.0236992566   0.0000157628
        0.0000629879  -0.0058842245  -0.0099608420  -0.0030574263   0.0019561596
        0.0002948581   0.0032863147   0.0013361727   0.0001761517   0.0003364420
       -0.0015611587  -0.0031010253  -0.0074865292   0.0001225225   0.0018804858
        0.0160312103  -0.0055132329  -0.0219790973   0.0003039745  -0.0010472014
       -0.0022116326  -0.0001550115  -0.0001806209  -0.0002104568  -0.0000203402
       -0.0000348353   0.0004323868  -0.0000614036   0.0000161828   0.0002136335
       -0.0000671948   0.0000173321  -0.0001279367   0.0001000192  -0.0001612573
        0.0001932680  -0.0012816852   0.0011253814   0.0090694394   0.0004015883
       -0.0005560785  -0.0045201456  -0.0056115153   0.0050870067   0.0289235086
       -0.0027814310   0.0052778516   0.0009274044
        0.0007511991   0.0000387887  -0.0014998075  -0.0001130284   0.0002530593
        0.0002398664   0.0000943533   0.0001385120  -0.0001187284  -0.0004143500
       -0.0003752009  -0.0000759821  -0.0209947948  -0.0272186771   0.0047649512
       -0.1083557967  -0.1092830584   0.0308764104  -0.0002223780  -0.0000287143
        0.0000090065  -0.0000655582   0.0002211930  -0.0004607875   0.0001205100
        0.0000619177  -0.0000343763  -0.0000505157   0.0000780738   0.0000024729
        0.0001243230  -0.0000471529   0.0000176113  -0.0000746886   0.0001191521
       -0.0001344393   0.0011628121  -0.0011022134  -0.0002026288  -0.0057867251
       -0.0001135916   0.0012863891   0.0061903355   0.0116663917  -0.0027814310
        0.1276343025   0.1255915202  -0.0318885268
       -0.0001238712   0.0000663347  -0.0004866319  -0.0000075566   0.0008518749
       -0.0007727541  -0.0000192972   0.0001057771  -0.0000891566   0.0002486135
       -0.0003489885  -0.0004390480  -0.0047945344  -0.0018248954   0.0004633555
       -0.1103755644  -0.2350161279   0.0498475807   0.0000564441   0.0000265771
       -0.0004161866   0.0003541174   0.0001088352   0.0000261201   0.0000185729
        0.0000906222  -0.0000203500   0.0000730704   0.0000641501   0.0000042401
        0.0000429780   0.0000260109  -0.0000730872   0.0000737913  -0.0000079654
       -0.0001580987   0.0011020701   0.0015490354  -0.0007357668  -0.0003100555
        0.0016352249   0.0011257668  -0.0119302985  -0.0236992566   0.0052778516
        0.1255915202   0.2563727912  -0.0535538350
        0.0000167348   0.0008077660  -0.0121090467  -0.0027213893   0.0024297554
       -0.0008569922   0.0026483393   0.0014972862   0.0003859171   0.0004321406
       -0.0017508155  -0.0028146977  -0.0060848006   0.0008066555   0.0020367517
        0.0392617514   0.0502784742  -0.0336770672  -0.0001210227  -0.0002022887
        0.0000694943  -0.0002344940   0.0001632748  -0.0001034237  -0.0000743928
       -0.0001675268   0.0000810180  -0.0000348273   0.0000277431   0.0000493463
       -0.0000560158  -0.0000523612  -0.0001277695  -0.0000538826   0.0000343494
        0.0004568825   0.0002011939  -0.0007353383  -0.0043172825  -0.0010448172
        0.0004010980   0.0090694727  -0.0002459909   0.0000157628   0.0009274044
       -0.0318885268  -0.0535538350   0.0409299924
