           1           2   1.6707376991144500     
           2           3   1.2552784385215385     
           1           4  0.13851136684467272     
           3           4   1.6705803671637276     
           4           5  0.20854569157285302     
           1           6  0.20837897275664585     
           5           6   1.7507997043519619     
           1           7  0.96805753342407497     
           1           8  0.98088745679823364     
           2           9  0.96810445135754963     
           3          10  0.96810469487557227     
           4          11  0.98088584509412624     
           4          12  0.96804686408345497     
           5          13  0.97789120791326567     
           5          14  0.97443691841188318     
           6          15  0.97445613228805261     
           6          16  0.97789923169323811     
