$coord
       42.56343307104736        8.82352453896965      -15.37633092439813      O
       41.91382236481498       10.43803966875043      -15.09841788753868      H
       44.03037484534919        8.47291060344046      -14.36277419007736      H
      -34.66311209733665       16.04763379081511       38.23541147158125      O
      -35.89382527321384       16.62575976673411       37.07558984158265      H
      -33.47290534550044       15.00016222810626       37.29339157159053      H
       -7.98205516883322      -25.04808201239645      -20.23724185899822      O
       -6.69120649933175      -24.01287036423306      -20.92014474048793      H
       -9.48810892479586      -24.42361608466378      -20.98503322509588      H
$end
