$coord
       73.49368217569899       16.36198729290846      -26.68907886272162      O
       71.98489625807863       16.18245725188655      -25.65871843502498      H
       74.88371812314737       16.21909887864596      -25.52509723444193      H
      -68.64741415734650       38.89236530612496       83.23452304417327      O
      -69.10906903318282       39.59976918817219       81.63833593784614      H
      -68.70951955454073       40.23117262784044       84.45402818202321      H
       -4.94231035688529      -55.31339993875719      -54.17965403487027      O
       -4.53803603105554      -55.79014894410417      -52.48381674165515      H
       -3.88491681506010      -56.22791452466153      -55.32549604247903      H
$end
