$coord
       52.80035384750946       10.76998137991313      -19.62017706964349      O
       51.68852913506403       11.76579393859922      -18.53392806572906      H
       54.50410393933982       11.11412823399083      -19.14655217938981      H
      -46.14927515104433       23.32972537499037       52.74238711719039      O
      -44.48467103436026       23.00010304550189       52.12425118144239      H
      -46.05286857389170       24.54767028363288       54.15933612741758      H
       -6.79786172555641      -34.16418150686483      -30.70682241291563      O
       -5.74958939835757      -35.22077690423461      -31.73580390125062      H
       -8.46661026622894      -34.90564875365208      -30.56159779054928      H
$end
