$coord
        6.24409730680739        2.66097856648169       -1.69180056507093      O
        7.70451179403629        1.50973151020517       -1.46344097804203      H
        6.50032451433044        3.90094621435685       -3.06092740819170      H
       -1.16622339821199       -1.19147023097738        4.98977985175464      O
       -2.92839378907564       -1.33409154783739        4.42974735732034      H
       -0.94917176401569        0.50547104624519        5.61992562953257      H
       -5.23613107984668       -1.58707210781553       -0.67572366656344      O
       -4.92007071565402       -2.86851197741166       -1.86771009790674      H
       -3.78472679153498       -0.56288266833702       -0.66165379559419      H
$end
