$coord
       16.90579974586855        4.15139922602201       -4.92838190629923      O
       18.31476271582429        3.32226674083035       -4.01701965231590      H
       16.40232385229206        5.47414584263634       -3.72473802062277      H
       -6.74800173685431        2.26737339663208        6.62493316348628      O
       -7.47582692507230        0.78803287300160        6.12793858620835      H
       -5.03432631814652        1.88852922149148        6.98839089163650      H
      -10.23227008666617       -6.47342102095581        0.73465457413529      O
      -11.20882200900861       -5.18728029244585        1.63159238628102      H
      -10.71614970655872       -6.14164035276397       -0.95354055321029      H
$end
