$coord
        8.36149674948505        2.54294232123130       -1.47060195627415      O
        9.56089433440595        2.29728815600234       -2.74494313731056      H
        9.07628401514429        3.07252784032630        0.05607244468318      H
       -1.94011603155213        0.14864526118764        2.80109700091332      O
       -2.40029559350444       -0.97756773848119        1.33659428462081      H
       -3.39215035932020        0.25355432234068        3.84479845678899      H
       -6.51138220864756       -2.58548001834549        1.19055369018973      O
       -5.03424602228100       -3.18328801561151        1.97104916137912      H
       -7.28006339735392       -3.89046026717115        0.15161943542525      H
$end
