$coord
       64.68099302008019       12.69674318813219      -24.93750748354064      O
       65.05185664121487       12.20553633718241      -23.21004198586150      H
       64.84006485627029       14.49657305470831      -25.14116272521933      H
      -59.26030397046155       31.15206979177202       69.24744824681895      O
      -59.20730827984459       29.94123571785178       67.86383004905747      H
      -59.47546249507979       32.79921724998195       68.46315322354901      H
       -5.61234637220017      -43.99781838431409      -41.81354603852178      O
       -4.88327127472176      -44.33454933058643      -40.15647311034044      H
       -4.16902365422173      -43.45430304862673      -42.80966531554969      H
$end
