$coord
       24.14248551787436        5.49079711859425       -7.69025906391084      O
       25.18535710658275        5.11535853377609       -9.09586990326103      H
       22.56057482358291        4.55242458536141       -7.69763477877107      H
      -13.21876252020703        0.74061133427410        9.12995767303926      O
      -12.78324577218682       -0.80000069028183       10.07665489072982      H
      -11.65742099430977        1.53452770633458        8.64667460066524      H
      -11.10919875511628       -6.27380315174306        1.12987289944127      O
       -9.86645466116061       -5.78210310251340       -0.16587883194055      H
      -11.38085607249628       -4.67220489882743        2.07490916324361      H
$end
