$coord
       67.80881579114514       13.71020408586519      -25.74606828003264      O
       68.09017364210762       11.95547215458822      -25.90849966828281      H
       66.77780111977620       14.32563467975523      -27.09944178373242      H
      -62.65369464782475       33.78273667941368       74.01011581763892      O
      -64.14326886702230       33.13254358195901       74.80402015535269      H
      -62.69815781829249       33.33515906598275       72.25274417375934      H
       -5.18825945065639      -47.46287405366189      -45.61540665150233      O
       -3.87434659979859      -47.31731590453212      -44.37463820282629      H
       -4.53155559559113      -46.64283089143854      -47.10039252154590      H
$end
