$coord
       48.18439266921122       10.00200989409004      -17.48457994887853      O
       48.69965627769871       10.35759371102796      -19.21486427845288      H
       46.82925076649389        8.74549630272008      -17.44767562321487      H
      -40.81877287429200       19.86370653424773       45.86634863442666      O
      -41.09795955593285       21.62401831806818       45.99862315193646      H
      -39.42680321391926       19.48816181665806       47.01663396509055      H
       -7.40370857288871      -30.04182188021915      -25.90454846841691      O
       -8.97947152529907      -29.20000688042471      -26.07688285167911      H
       -6.32482228365204      -28.92796865468767      -24.95941351640661      H
$end
