$coord
        5.90283832049511        1.93183966867274        2.35377603717294      O
        4.90533696270984        2.65255382794318        0.97989756369401      H
        7.67247885537521        2.25158712627987        2.24407945213511      H
       -0.42018810646503        0.48844546672902        0.97429919292283      O
        0.18572182855212        0.33118155935987        2.54396414818906      H
       -2.02711621701351       -0.48926006155444        0.81827544095774      H
       -5.43794185089860       -2.48368769371313       -0.75026731199459      O
       -5.96350481218451       -0.76717575365532       -1.25938808844993      H
       -6.39777113874676       -3.69477131489446       -1.61975102704127      H
$end
