$coord
       70.66945469073039       14.85243534370387      -26.40172692550344      O
       72.39229243679875       15.45730765042408      -26.49471441181816      H
       69.86297895519839       15.67679295656458      -24.98618020424272      H
      -65.72804455573988       36.39437868461860       78.61360784638141      O
      -67.45053595407184       36.56897461991272       78.16043349089601      H
      -65.27301991319473       34.65993214689327       78.46981921251093      H
       -5.08701107854002      -51.24513885270062      -49.76021229673105      O
       -4.25208842900859      -51.91842051436694      -48.32331111077254      H
       -3.85964595939124      -51.20167649242659      -51.10081584678728      H
$end
