$coord
       61.12482104880825       12.26962176659043      -23.13658648643018      O
       61.13387463662610       13.88465196098901      -24.01223620719450      H
       62.55168306509216       12.16863979073552      -22.03305320520936      H
      -55.00100185498562       28.78381584220246       63.98074373694490      O
      -56.69231209126594       29.15912324650201       63.46457400345945      H
      -54.79703021504801       26.98096680935110       63.80184604351955      H
       -6.23007631237741      -41.00271502478125      -38.35852779398736      O
       -6.29060726326417      -41.71273121243496      -36.64670907982574      H
       -5.11510478299747      -42.02246957524339      -39.39254353364473      H
$end
