$coord
        3.31871732946689        2.67840263586456       -0.98520339295229      O
        4.91859843484327        2.44828177095432       -1.90302929491308      H
        1.82750046779033        2.22715386588564       -2.08577921739403      H
       -0.67132460568100       -1.58659326631054        4.99551082844283      O
        0.66904127198095       -0.81075764447260        4.24662847912428      H
       -0.70306394303336       -3.17296442892774        4.30384607427811      H
       -2.73137299517016       -1.13039822731517       -1.40603890693660      O
       -3.07082280446503       -1.34968188414687        0.41335968046913      H
       -3.20716637620452        0.54507926151949       -1.69130225314379      H
$end
