$coord
       57.23418590852127       11.64614581845198      -21.37552794241785      O
       57.90125357377867       10.26410884942342      -22.25094414836828      H
       55.44572428521629       11.79810094229955      -21.67012167387796      H
      -50.89023937854255       26.19149153128026       58.63244072398194      O
      -50.18440043455929       24.63626176022179       59.12071793782797      H
      -49.63392386716694       27.06276962032925       57.69599507762332      H
       -6.49316114698883      -37.86461651116291      -34.62650205461738      O
       -5.26712416825983      -36.84903025774983      -33.71412492530254      H
       -6.78373162773238      -37.21084820630119      -36.31605841706844      H
$end
