$coord
       76.00156272636376       18.04657189399174      -26.27876704649074      O
       76.79447293873154       17.04902617687148      -27.54009848702159      H
       74.21559512673588       18.12069297470071      -26.60616908194551      H
      -71.08316798258033       41.68015386099235       87.68147692087544      O
      -71.14620023584828       40.36886265966820       86.42661807521326      H
      -71.63007500715653       43.21921003819919       86.84452077387914      H
       -4.96814238563289      -59.73634197858786      -58.61804814839659      O
       -3.17301809113239      -59.97094657801090      -58.33566561140600      H
       -5.17438938181675      -59.36327923610540      -60.39166601086212      H
$end
