$coord
        4.56086126856496        0.16187873886377        2.14114728032718      O
        2.88859006923134        0.46977172166124        1.49191389147578      H
        5.54877809609402        1.53948043100788        2.26203911393039      H
       -0.53813417047608        1.96918547816291        0.01746622054199      O
       -2.03189151154050        0.66324891112858        0.25452357889933      H
       -1.47472928949820        3.66342939235935        0.29546109368388      H
       -3.90715994531733       -2.16211437484461        0.33588143918566      O
       -2.58230215394764       -3.20871763958394       -0.25338535477424      H
       -5.10699819923945       -3.36071658872321        0.98948323712415      H
$end
