$coord
       36.95893755593232        7.89122555192403      -12.84653551495363      O
       36.31266336988538        6.15183000167077      -12.89478311831466      H
       36.48029511233031        8.64977499121569      -14.44026256223246      H
      -28.07053094330600       11.27843681759559       29.16582873222600      O
      -26.74028378812220       11.69999998989505       27.93851784367998      H
      -27.70680683784197       12.17858780039154       30.74490184123165      H
       -8.85921278195452      -19.28987140471678      -13.75231453678449      O
      -10.24789232669165      -19.34792839625001      -14.95449440776612      H
       -9.47460676389798      -18.13927917766845      -12.51354074956419      H
$end
