$coord
       30.76733228442166        6.58473733511017      -10.56428491859471      O
       29.93018423460624        6.91193531539378       -8.95253231683939      H
       32.16000932680234        7.74160291411305      -10.62807619507784      H
      -20.90491580738134        6.21605119553671       19.41220769386312      O
      -21.31585506493045        6.08563199134300       21.20270596984131      H
      -19.17976663911605        5.91281846054736       19.26262848302498      H
      -10.03914515486574      -13.01872101015958       -6.56420262251349      O
      -11.23820772664436      -11.81551453571038       -5.89685976320207      H
       -8.43835776946906      -12.07997198065160       -6.57555944846959      H
$end
