$coord
       11.77143367516727        3.06570021109084       18.81441709071242      o
       18.13791273754056       15.34720797817320       15.10890738738684      h
        4.34215287643351        5.75101343513701        3.30084365811645      h
        1.28701576189569        1.95933269210349        4.74153044741799      o
        0.11641196980524       19.94753693350885       19.14428616942920      h
       14.72798223917858        9.24622699198670       16.03885570065019      h
       20.30865108330602        3.01266041316563        1.63480594924841      o
       17.82195458553560        4.66520569749212       21.72469166341168      h
       11.80691102751815        4.54186166538522       12.71349282688233      h
       21.46559131649221        4.36174900437479       19.85168662925594      o
        3.13668448452159       19.54013442805264       14.50183359818606      h
        6.48234788191580       13.21098652912302       20.75383111904096      h
       21.63398910952082        8.34964177044716       21.83790592275344      o
       12.70414308206177        3.32234557572484       19.84606355314665      h
        8.11492816123200        9.41461286623157       12.05246286362061      h
       12.82863245068229       17.87771528490581       16.99099253370298      o
        3.50564587651652       14.74525490688493       14.10367368256406      h
        5.87258320678238       19.91676628103873       18.63442066761839      h
        0.90114573858182       12.33755543456643       18.40442526475323      o
       12.39963519588520        9.23214672448281        3.83187813739324      h
        1.28568380065227       11.60909455678494       18.19959870798885      h
       20.32155660110028       13.90256774990832        8.61970034404360      o
       17.56718943354688        1.53530803637161       16.95267324053995      h
        1.80194588178819        9.18884527370315       10.91073603415305      h
$periodic 3
$lattice bohr
   21.90750305400000    0.00000000000000    0.00000000000000
    0.00000000000000   21.90750305400000    0.00000000000000
    0.00000000000000    0.00000000000000   21.90750305400000
$end
