$coord
        3.94689271013190        0.13898336084646        1.46642363513156      O
        3.15705851559565        0.90483341956216        2.95728973479977      H
        2.55233929113183        0.19367640381600        0.28195660128038      H
       -0.56196960479733        1.88771190911869       -0.13299221125094      O
       -2.21014368510133        2.06662220237309        0.72340948573198      H
        0.16602309799952        3.40676107064798       -0.51234967833741      H
       -3.29251927074329       -2.11890628730832        1.17764476461587      O
       -3.36198319702322       -3.76117781326637        1.87742543787222      H
       -2.81058901676719       -2.14725182819344       -0.56885612740918      H
$end
