$coord
        3.95948407939254        2.53159320951722        1.69241651745366      O
        5.57454868210609        3.09513365330570        0.99658703624328      H
        3.32877995359646        4.08573226232611        2.40486979156172      H
        0.71127919551694       -2.07737370544588       -0.02827518830038      O
        1.62981788445644       -0.62188661578713        0.70099500873116      H
        1.92380282538786       -2.90134517054341       -1.15433575290132      H
       -4.95317883635383       -0.55503583912867        0.80836797269215      O
       -5.19138946775514       -2.16567520734244        0.14348498913088      H
       -3.77596758291257       -0.69081550444514        2.28432161720586      H
$end
