$coord
      -41.95910092532078      -16.43928121467510       40.83440622182316      O
      -40.14300598803402      -16.35944847587604       40.68694145487957      H
      -42.61833423478213      -15.10892177435199       39.78026161528041      H
       54.02313760588945      -41.67194300201496      -57.61384066260388      O
       53.07666336951456      -41.02371416892914      -59.02336899610680      H
       54.85084389136745      -40.26028553648244      -56.83748576155227      H
      -12.11372245436196       57.96528999899231       19.33364642082238      O
      -12.33437948323069       57.52981147826559       21.08365953837516      H
      -13.06573336953283       56.74556116838064       18.37872060758543      H
$end
