$coord
      -46.43391721747086      -19.93312948402494       44.42411701748861      O
      -46.35571924538066      -21.46397978400667       45.40229516349567      H
      -44.86510030092927      -19.04710507542419       44.67666575818737      H
       56.19963790800767      -41.87569127921510      -60.05067241651392      O
       57.57425198640846      -42.66086678548110      -60.93817329778950      H
       56.63786259595853      -41.92031469132846      -58.28905611615613      H
      -10.06192600170159       61.94967267052389       17.96918826198610      O
       -9.07549642283367       61.67985934028110       19.47140188342487      H
      -10.20557852882260       60.34700234794944       17.13073503409211      H
$end
