$coord
        1.06801557235997        1.03383507715683        1.46995014550659      O
        1.41080238162999       -0.34325834638451        0.34406314555442      H
        0.52933855575122        0.15127948705941        2.98877523896071      H
        2.71416210503812       -3.14398764315545       -1.60801100065600      O
        3.97115319874803       -2.89963325404239       -0.23470599085527      H
        2.54383345923319       -4.94559868378584       -1.76421887436370      H
       -3.98588227224728        2.20027937218821        2.56301011634688      O
       -3.87866210342960        3.92524684911551        3.03492386835895      H
       -2.34620182325453        1.85813073204517        1.76801765065476      H
$end
