$coord
      -13.51739453545717       10.70258145591889       19.18954389044799      O
      -14.38038620629935       11.79843863862338       20.33706919828836      H
      -14.10900547695816       11.13732765577751       17.54674014495243      H
       31.65465042489600      -27.90729508377639      -33.46433513043621      O
       31.09183227147517      -27.26188490947126      -31.88084497085696      H
       33.45991464395431      -27.63790960784401      -33.56825588464243      H
      -18.27796501425432       17.02687724745548       16.79105828582522      O
      -18.28225579508995       16.60358871038190       15.00355304575754      H
      -16.55772580159939       17.39385782247304       17.23756329196345      H
$end
