$coord
      -23.84963120313790        9.21512690399855       27.17629955327693      O
      -25.52445052354143        9.79855861147844       26.76653866135809      H
      -22.75820523202026        9.76759819459507       25.83196517514818      H
       46.78457854534989      -38.57632005651721      -49.91026824773282      O
       48.14240153437942      -37.78703911652019      -48.99973867113052      H
       45.59334798364841      -37.26466898006562      -50.28681021546770      H
      -22.95543131539148       29.06487698910354       25.20300051756741      O
      -21.92374664977122       30.50537797302458       25.63863612209667      H
      -24.23050435980660       28.90919765068688       26.48096920833571      H
$end
