$coord
       -0.93248690017293        3.31951442867775        4.79141067917073      O
       -2.41058515014192        2.54696689938439        5.37515802927537      H
       -0.74051327256483        2.67547239161391        3.08659552855303      H
        7.60820915192997       -7.56390356393866       -6.60232569431147      O
        6.15127395462837       -7.13571269316990       -5.69543068943917      H
        7.61076490356259       -9.34853040253182       -7.03226607700561      H
       -6.50975835568582        4.26763852659795        4.37726048422719      O
       -8.25381495612029        4.42067171364321        4.85423163923509      H
       -6.04133768308632        5.65729771529664        3.28631142352287      H
$end
