$coord
      -17.09170720655752       14.27462144619018       23.26032772346122      O
      -17.24547089596269       16.09032830203056       23.21623778442863      H
      -18.68793054082996       13.54026551441317       22.74610893386374      H
       35.92679701868093      -30.95382819415938      -37.84887701281359      O
       35.68016953843317      -32.51937085614272      -36.97234008434368      H
       36.00308744132597      -31.32753949080563      -39.63206674879134      H
      -18.89451840176993       16.67168372648844       17.11837842765055      O
      -17.60819761055861       15.40054951616458       17.12466153459308      H
      -18.21972449121016       18.12427293161479       17.97623799686415      H
$end
