$coord
      -18.29710860275606       19.76574649714330       23.73797640041862      O
      -18.20008987776755       19.80211282237425       21.91448160273647      H
      -20.03342943410303       19.32661691735206       24.11918159292027      H
       39.66842176776711      -33.69878374344432      -42.03812469006559      O
       38.95115546651872      -35.18171685957084      -41.28745430351928      H
       39.98391335634887      -34.08282028013934      -43.79123675884162      H
      -21.36564786254734       14.09286569494797       20.85794577685162      O
      -21.96532017989231       13.62092453481004       22.51045956824241      H
      -19.85575942759560       13.14586484791839       20.54593077598033      H
$end
