$coord
      -35.81255000193055       -8.08286912867433       36.20194855047145      O
      -34.09544624678089       -7.49527686652374       36.40319193199707      H
      -36.89796872193676       -6.74805932202635       36.79331060000158      H
       51.91634568824836      -40.93595930693092      -55.34420828230414      O
       51.33522890268211      -39.71420033466708      -54.13255841002480      H
       52.33647534241734      -40.05188745687155      -56.86994688745884      H
      -16.29714170218800       48.73140659917828       21.65016546725659      O
      -15.81843907230537       49.80105913232052       20.26628070878751      H
      -14.79531763488158       47.99508524199396       22.34932287312563      H
$end
