$coord
       -3.17559234690100        5.88229802098014        8.77415983883765      O
       -2.64184507364212        6.91811561431310       10.21064770802611      H
       -1.72102870898095        4.94679114228266        8.28290845457007      H
       13.00292112926116      -12.38788433264381      -12.56795081644712      O
       11.73572980110038      -11.10793247319609      -12.98314330109145      H
       12.39327743015182      -13.88678163432395      -13.32967549377305      H
       -9.88658067571140        6.38273761456053        6.21969776742174      O
      -10.68464327254222        6.25785167769325        7.87603848001357      H
       -9.16238377046209        8.02560377246009        6.06475930253387      H
$end
