$coord
      -38.97358754492542      -11.87942250710269       38.72104952661014      O
      -40.67885127453407      -12.41951991835961       38.40346135060655      H
      -37.85510040893521      -13.26073662040056       38.35176157350504      H
       52.97399286862083      -41.15535476739034      -56.59922112093524      O
       54.27584293302807      -40.92771105622738      -55.35240642096959      H
       52.58650746217562      -39.53272887062247      -57.30467270654448      H
      -14.02977966375125       52.92751798965867       20.29591355420045      O
      -13.57514564355176       54.64475880363617       20.68917267830006      H
      -15.31216973575278       52.40016444184558       21.46485109564652      H
$end
