$coord
      -28.30862020736976        2.90529570567466       30.73754753150462      O
      -29.84054151544719        3.86829954618163       30.52687617971153      H
      -28.75925786235850        1.17531160809231       30.38414461545290      H
       49.48095181394358      -39.92267968417190      -52.70334193655046      O
       49.43583833289367      -40.88186938917169      -51.15959087865254      H
       48.32802254382369      -40.72658418487298      -53.84265344679639      H
      -20.96031550844295       37.03818240502822       24.45912261720071      O
      -22.58739053624303       36.88514705631789       23.66098765279756      H
      -20.99769099460154       38.53507496606434       25.47306839142725      H
$end
