$coord
      -32.45929094800765       -2.88964645318231       33.88611370808054      O
      -32.11518230827946       -1.16913522424036       34.35044665288625      H
      -34.25607053987220       -3.15081977130178       34.04921016114501      H
       51.08591280749420      -40.62597101142684      -54.53474353953051      O
       52.54737328745511      -41.19805334194061      -55.45571286161152      H
       50.56105411749351      -42.00619893653686      -53.48616508017544      H
      -18.72198046941506       43.56862049670772       23.16964809785188      O
      -17.90283822316621       42.04884460750566       23.73183153503036      H
      -18.33754394915256       43.81548774436209       21.41019771651043      H
$end
