$coord
       -8.45312233622323       11.50721239909923       14.97982397963036      O
       -9.82103343964484       12.46990876112103       15.76975202532956      H
       -7.71533213860088       12.69356146811558       13.85846563997552      H
       23.08988325087501      -21.11472878568712      -23.98191179097583      O
       21.62692872326747      -20.31325254989414      -24.63403645053171      H
       23.93800148519973      -21.89011135812606      -25.40635054133821      H
      -14.64725080152646        9.56056278593013       11.61190744923793      O
      -14.10681052537456        8.77632607238385       13.16247375742597      H
      -14.78281078555221        8.20293932615798       10.42873459299185      H
$end
