$coord
      -18.93822979397727       15.55051322080082       22.97014496044392      O
      -17.40996493004918       16.50382159395558       23.28499871700206      H
      -18.43356657103481       13.97236427510444       22.21450381686611      H
       43.72410122751382      -36.52183410816549      -46.62700473448037      O
       43.79323893441187      -37.33038070697360      -44.99912198680315      H
       44.19810793057292      -37.78858559333202      -47.83194050989901      H
      -24.97459778229179       20.98647438902007       26.07371444115117      O
      -23.67884124317958       22.12284338833451       26.63480833272522      H
      -26.47835347629513       21.46563208435130       26.96311535681459      H
$end
