$coord
      -11.11147965918228       11.51520210347558       15.21644429302801      O
      -11.75385701209273       10.07238482330288       16.06361873733170      H
      -10.43468011859408       11.02804229813609       13.59944477728382      H
       27.32990309137794      -24.44131320225914      -28.57463215890161      O
       29.07915523056626      -24.11159006683781      -28.80852426040533      H
       26.68567054621722      -25.16838828470980      -30.12003164142682      H
      -16.44704050307955       12.98025183882603       15.94420023181292      O
      -16.03994700349607       12.98741915684362       17.69717867312702      H
      -14.90749318228287       13.51405450103910       15.12825492196176      H
$end
