$coord
       -6.53120263420702        9.02430500142530       12.35345684483164      O
       -6.95657342722578        8.22146850503507       13.94470787709056      H
       -5.01266681756919        8.18812899609813       11.87673447887788      H
       18.22093284827434      -17.04435877118325      -18.73038359322903      O
       19.77398193648492      -17.12096419260910      -17.78654990641427      H
       18.65875818871616      -17.81764680594832      -20.33219001902576      H
      -12.03595838158776        8.08505667158967        8.87450786888185      O
      -10.91450784004786        7.18165570466539        7.78631654645021      H
      -11.03843602186702        9.49549209575943        9.48576953450633      H
$end
