           1           2  0.86369329302151443     
           1           3  0.85699173255613537     
           4           5  0.86944011771588325     
           4           6  0.83296208293476337     
           7           8  0.83512760795146768     
           7           9  0.83900863845492535     
          10          11  0.86968237344561106     
          10          12  0.86994456420847133     
          13          14  0.79334887542533494     
          13          15  0.88650149770417452     
          16          17  0.82965922544703130     
          16          18  0.84726743997076837     
          19          20  0.81817347816064834     
          19          21  0.84543974396849164     
          22          23  0.80703262109482210     
          22          24  0.85924668006863925     
          25          26  0.85538007617569656     
          25          27  0.81271159921831737     
          28          29  0.84610805197848737     
          28          30  0.81782726055892185     
          31          32  0.87530366207098376     
          31          33  0.83599067740710964     
          34          35  0.91220723230934087     
          34          36  0.79956669561346305     
          37          38  0.78195596901185693     
          37          39  0.91494556037600738     
          40          41  0.85050450166634162     
          40          42  0.87540110352952216     
          43          44  0.90245582708479755     
          43          45  0.82633795774807006     
          46          47  0.84927829119931708     
          46          48  0.88358733414565360     
          49          50  0.80580210139774311     
          49          51  0.91582363890747986     
          52          53  0.86710107175052409     
          52          54  0.84673178937960913     
          55          56  0.82287400928316334     
          55          57  0.82600111939491361     
          58          59  0.91475867463130689     
          58          60  0.81452226238751679     
          61          62  0.85285091699892857     
          61          63  0.81522179372821324     
          64          65  0.85545674168440877     
          64          66  0.84482697193293987     
          67          68  0.83068771939343555     
          67          69  0.83774701414555930     
          70          71  0.80687819327580668     
          70          72  0.86206890002285863     
          73          74  0.86227589859369225     
          73          75  0.85058890189859604     
          76          77  0.79405432365648454     
          76          78  0.79889606566106774     
          79          80  0.81347935217092082     
          79          81  0.82080041750538091     
          82          83  0.83133684973842437     
          82          84  0.91238621640049589     
          85          86  0.86042273627361632     
          85          87  0.88574265246868200     
          88          89  0.90783961568132632     
          88          90  0.80641959455845225     
