$coord
       -4.76396898055096       -6.45065986133352       -6.31447902637018      O
       -4.74460308587519       -6.93155373916684       -4.39848163680055      H
       -4.15743521817282       -8.08560188330370       -7.02016685588305      H
       -3.79889725477169       -8.05941634649839       -1.22583731284799      O
       -4.13526903545608       -8.88951225784176        0.33594264949032      H
       -3.09271216907987       -6.43391166632713       -0.50482764211565      H
       -2.82673425462689       -6.20168701026184        3.14545917071088      O
       -1.25130744812478       -6.82895528307187        3.38580538747356      H
       -2.92380177301543       -4.82099565002812        4.53514022146101      H
       -1.45827952235895       -3.76049948421749        7.14042774201215      O
       -0.21246246782600       -4.92704935765338        7.58753608484944      H
       -2.45634227951226       -3.24183675768977        8.67740966943830      H
       -2.10297898572411       -1.74249320654841       -7.01844468470792      O
       -3.31229614924819       -3.03373521532947       -7.45762468312526      H
       -2.97986378746263       -0.05954954707240       -6.90700129588250      H
       -0.47826656262838       -2.12554120976942       -2.09254179034943      O
        0.14435841298322       -3.70473082716648       -2.71659770926186      H
       -1.21337608982102       -1.23164581193558       -3.65991327225274      H
       -1.61905134084591       -0.69861195091274        2.63971542508531      O
       -3.21547646897562       -1.21993040761054        3.33599852675490      H
       -1.80751127748399       -1.11974398608895        0.87456074329925      H
       -6.01587620175975        0.44683180546716        5.86186684317575      O
       -4.39706493317796       -0.26261162748601        6.24918938052685      H
       -5.85490241314112        2.00511095592565        6.81657354896663      H
       -2.02297461679742        3.29818315551023       -5.88448229014443      O
       -1.65969222771148        3.33185506612118       -4.10452317091770      H
       -0.30089581846119        3.22368423344469       -6.57008546144238      H
       -1.91523714997880        4.31938551796144       -0.58167118151058      O
       -3.56916257459974        4.24928075514707        0.07425264235454      H
       -1.93477531305402        6.02854841601672       -1.49552679797577      H
       -6.66538573272939        2.77168697360070        1.21003133791268      O
       -6.68447590443808        1.88071985236224        2.78778855790936      H
       -8.38552775206089        3.60655061798423        1.21694071137521      H
       -2.80670678526086       -1.49470773985541       11.41624739080156      O
       -3.47798068156142        0.10664445826233       11.87253774962254      H
       -1.11538288040014       -1.28466010042740       12.09153964120651      H
       -5.64233084858856        6.88241899168631       -6.67058519383562      O
       -7.25591391960625        5.84946608620315       -6.30495071379175      H
       -4.52971502041995        5.52144680912931       -6.78283761027976      H
       -3.72314719735690        9.16992586488055       -2.15152040808144      O
       -4.22880884030643        8.96301573673876       -3.93422185010021      H
       -3.73175608900430       10.96497808426715       -1.90628519231870      H
       -0.52482813826960        9.50405695632849        2.28521050167467      O
       -1.64949135883673        9.54254715719293        0.82189950122978      H
        1.09192177068792        9.59766841596742        1.38436084641848      H
       -0.05049325584851        5.08780905370664        4.64381697063596      O
       -0.17573293653273        6.92220878245787        4.11282891998375      H
       -0.38395213762808        4.33730662423014        2.97156891532532      H
        4.19310148428871       -8.04761133314370       -7.10291656841740      O
        5.93677093768624       -8.00574299754531       -7.60962497903312      H
        3.78561822144035       -6.31585215268089       -7.75732687147487      H
        1.94552046193410       -7.09028953636457       -2.53359065505902      O
        2.85733120472305       -7.34218426582395       -4.04599728019608      H
        0.32335114402814       -7.76564984670427       -2.69398208736518      H
        4.21111672567176       -6.75535849363328        2.39637153536667      O
        3.18959690097641       -6.67754566250969        0.83645485412561      H
        4.85064455221491       -5.11235389964187        2.60619761992934      H
        1.78381178705237       -7.85464352911607        6.47667461407729      O
        2.27066352164065       -9.70614331636740        6.64662205977867      H
        2.63675690135424       -7.45647530030155        4.66074203489362      H
        2.96246012892711       -2.86571773906761       -8.08050917536054      O
        3.54739665273213       -2.66674008493856       -6.28236076459850      H
        1.28639306045553       -2.25759265654244       -8.03535127499774      H
        5.19653533679598       -1.71370653916802       -3.59499559003378      O
        4.92784014839513       -3.02346661024329       -2.30309696379311      H
        4.35457489389141       -0.18153585128949       -2.97956631339180      H
        3.69553385982723       -1.69453430869091        1.53939643124693      O
        4.47198588449301       -0.56232509720366        2.76712294219320      H
        1.82705701897965       -1.51354758885023        1.83371462541328      H
        2.71203288311808        0.71941033461602        6.02210908189572      O
        1.34135407272276        1.28744017899589        4.97440470952188      H
        1.73240985358191       -0.59206814537407        6.72288365539660      H
        2.32246731747839        3.26306037729593       -8.04663440393092      O
        2.65368453567498        1.83153589438316       -9.09627816790107      H
        3.75139231865822        3.45157913112244       -6.93914213455575      H
        3.47423996982556        3.15380797964497       -1.45919424534571      O
        1.77335019916541        2.78456530644717       -1.17847746791777      H
        4.03685665204006        3.75359698154384        0.19935458172713      H
        4.76249256416055        5.60972533356905        3.35118113173642      O
        3.75434053269015        4.95381766247719        4.64169827560197      H
        5.28434635998537        7.32604941495583        3.49449655819536      H
       -0.71010666556823        3.39007159784726        9.37328333097168      O
       -0.93672339244237        4.41269547065355        7.64078304227524      H
        1.08047277565702        2.87227726755152        9.19550309561013      H
        6.81299310804725        4.06180765035827       -5.15377369312357      O
        5.66171514239055        3.52633059996602       -3.80200074578210      H
        8.33562933246377        2.92145501640559       -5.01032907273371      H
        3.86549192084870        8.52003597292953       -1.28254639548845      O
        5.37347954804769        9.29035234847152       -2.25673646551486      H
        3.61004772676352        6.77609834159786       -1.88953913545504      H
$end
