$coord
       -4.36970931393852       -5.38829269231389       -4.73446395372754      O
       -5.81012779581391       -5.94604883469779       -3.64548293489851      H
       -3.26973960740637       -6.93335817808872       -4.49836576828931      H
       -2.67563816082955       -8.78749072279244       -1.38845256057720      O
       -3.49772131216921      -10.42282718287664       -0.94641475872523      H
       -2.88527335710037       -7.79016512957152        0.19859050535823      H
       -2.05772285399551       -5.45873611723194        2.38554883883245      O
       -1.68181060884119       -4.41945352303464        0.79335510041134      H
       -0.61906046450018       -5.05255848349144        3.56435649534602      H
       -6.90998420638159       -3.13494675247093        4.64936994282990      O
       -5.75478097622958       -4.40355359910216        4.52450385379900      H
       -6.01152124955664       -2.39885128789205        6.18985792956491      H
       -1.01360083780660       -1.94341347886796       -2.62928846770276      O
       -2.12150809366464       -3.14300340916008       -3.25629791694887      H
       -2.11001717802820       -0.37433561167950       -2.42139583566799      H
        2.84103102775788       -4.77736137963683       -1.38577538558846      O
        3.46546860884980       -5.27566342183844       -2.99051149314235      H
        1.66330956275473       -3.36132577475072       -1.72794714745339      H
       -0.40629302319018        0.81714756830693        1.60795147322312      O
        0.62592931835576        0.92040194201043        0.13664112073734      H
       -1.48401776408883        2.20409507723388        1.66282492548425      H
       -5.55359788340905        1.43254801284068        2.81367644817869      O
       -4.80286190619931       -0.14285686138382        3.20556394622278      H
       -7.03335562581268        1.32692358821113        3.91038425923113      H
       -3.93074837133450        5.29731619851793       -4.40937323770353      O
       -4.82278947302006        3.77110814079477       -3.84360983248762      H
       -3.20287091961234        4.61400216344710       -5.99375335225348      H
       -5.48732810720674        0.03203602774471       -2.46738192137842      O
       -6.86279341060427       -1.46099884229637       -2.55061476782944      H
       -5.58062241406135        0.77690353920871       -0.85170083461298      H
       -8.90434782423532       -3.81549522382064       -0.87523350032799      O
      -10.69323164015515       -3.68577280728577       -1.14997044016761      H
       -8.27833529772648       -3.55854854549583        0.74448295252984      H
       -3.17676360771773       -0.64103661825382        7.12347004917862      O
       -1.91343235430117       -1.34570293860747        5.93625599229856      H
       -2.96336428428288        1.12884945138620        7.32092275841750      H
       -3.96517397522144       11.46584061569014       -2.29505990476462      O
       -5.51878584725183       10.18469302996272       -2.34424166882446      H
       -3.29123339268086       11.65907738957119       -3.97550295140597      H
       -1.33917890312116        6.69309100667119        1.09455996913081      O
       -1.69002706871754        5.93806623771635       -0.50811859134067      H
       -2.28702626565611        8.27042787489594        0.72244525868686      H
        3.58116295484135        7.12350136824196        1.84452672131291      O
        1.93306711818546        6.73124906124674        1.18298937030786      H
        3.31414035591772        8.28662811731911        3.22461172277118      H
        2.40380696525588        3.28642639122062        5.22129940803212      O
        3.15106457301698        4.61647437969004        4.41947223106012      H
        2.00562618979292        1.96943130290362        3.95669155648492      H
        2.71200083786648       -5.99219400151383       -6.36499039552967      O
        3.67895664247640       -6.68878214842846       -7.69415106367267      H
        2.76645122227109       -4.20189252113866       -7.06964039577262      H
        2.26874504017156      -10.16514587797904        0.19779464682637      O
        3.28893749201801       -8.75420633929246       -0.37440850205242      H
        0.62064897924135      -10.09417103169415       -0.57122355478739      H
        3.58745187352569       -8.43410050968938        4.90860577884717      O
        2.81835621173161       -9.27177696357155        3.41100232815828      H
        5.11764036651799       -9.35920284006041        5.35271616539692      H
        1.65090880085252       -3.99785793726687        6.26169070520389      O
        2.02443044680145       -3.37409260589645        7.93340982665863      H
        2.42544622291273       -5.66804286513036        5.95758907067533      H
        2.75293685433610       -0.68900769495473       -6.33899440548318      O
        4.12040580258649        0.29294840407429       -5.77001579826427      H
        1.44853763917911       -0.89811601495155       -5.02024984488922      H
        7.46973941195391        1.23959753775948       -4.83383822588712      O
        8.94515632839255        0.08629468423042       -4.81041006502733      H
        7.11151656167981        1.70200604518202       -3.06141106203587      H
        4.99193586859094       -0.95198092970701        2.52969719508238      O
        4.32491009254276       -0.90710448962928        4.11282298188351      H
        4.13301380918455       -2.41914617731527        1.80528253454768      H
        2.87210013695407        0.26844889787797        9.55710209755706      O
        1.06822809708516        0.60978996619524        9.35525395527983      H
        3.72821393936639        1.37454206336389        8.38620158787732      H
       -0.22881860935445        3.44470764150043       -8.29542060490123      O
        0.60957921501632        1.80840628441655       -8.03372447943122      H
        1.07532065965575        4.62636656971677       -8.60442862931389      H
        1.37875250901289        3.59439451734355       -2.70603912426143      O
        0.42125506380719        3.98867918911124       -4.19828736062357      H
        2.92507006201337        4.23229307187775       -3.31507315413642      H
        6.63749719602351        3.06089819930329       -0.01913882112558      O
        5.73155660892512        4.57625804444260        0.68712951384375      H
        6.29258373424672        1.48266130822105        0.97900453500900      H
       -2.45511316477280        4.60864863249548        6.40546145667629      O
       -0.83100740993050        4.37273350281651        5.55644339813806      H
       -3.83231066845268        4.39246775411487        5.24821437804539      H
        4.80732384624866        5.53287156454087       -6.16521493772078      O
        5.09478430617488        7.02536400466938       -5.10697486179249      H
        6.38493571549382        4.65271199141472       -5.92747710005615      H
        3.41282612410834       10.19836049870053       -3.12456571347053      O
        1.50918015643275       10.15905670351562       -3.13078142808090      H
        3.83621790367571        9.21782243342624       -1.52895697750379      H
$end
