           1           2  0.86369329302151387     
           1           3  0.85699173255613736     
           4           5  0.86944011771588892     
           4           6  0.83296208293476670     
           7           8  0.83512760795146757     
           7           9  0.83900863845492535     
          10          11  0.86968237344560584     
          10          12  0.86994456420846833     
          13          14  0.79334887542533705     
          13          15  0.88650149770417308     
          16          17  0.82965922544703319     
          16          18  0.84726743997076781     
          19          20  0.81817347816064978     
          19          21  0.84543974396849020     
          22          23  0.80703262109482277     
          22          24  0.85924668006863802     
          25          26  0.85538007617569956     
          25          27  0.81271159921831226     
          28          29  0.84610805197849004     
          28          30  0.81782726055892385     
          31          32  0.87530366207098564     
          31          33  0.83599067740710975     
          34          35  0.91220723230933687     
          34          36  0.79956669561346316     
          37          38  0.78195596901185493     
          37          39  0.91494556037601427     
          40          41  0.85050450166634117     
          40          42  0.87540110352952227     
          43          44  0.90245582708479954     
          43          45  0.82633795774807151     
          46          47  0.84927829119931642     
          46          48  0.88358733414565482     
          49          50  0.80580210139774433     
          49          51  0.91582363890747986     
          52          53  0.86710107175052753     
          52          54  0.84673178937961213     
          55          56  0.82287400928316456     
          55          57  0.82600111939491327     
          58          59  0.91475867463130778     
          58          60  0.81452226238751679     
          61          62  0.85285091699892857     
          61          63  0.81522179372821402     
          64          65  0.85545674168440988     
          64          66  0.84482697193294032     
          67          68  0.83068771939343611     
          67          69  0.83774701414556008     
          70          71  0.80687819327580834     
          70          72  0.86206890002285863     
          73          74  0.86227589859369791     
          73          75  0.85058890189859726     
          76          77  0.79405432365648609     
          76          78  0.79889606566106719     
          79          80  0.81347935217092160     
          79          81  0.82080041750538402     
          82          83  0.83133684973842470     
          82          84  0.91238621640049422     
          85          86  0.86042273627361709     
          85          87  0.88574265246868311     
          88          89  0.90783961568132721     
          88          90  0.80641959455844736     
