   -0.61414829
    0.30686368
    0.32578465
   -0.62105574
    0.32955612
    0.31577025
   -0.65874397
    0.32903389
    0.32082027
   -0.62569502
    0.31397558
    0.31515017
   -0.63531994
    0.33132712
    0.30937100
   -0.69204604
    0.33864826
    0.33113129
   -0.66922197
    0.31947795
    0.32401839
   -0.66358302
    0.34611513
    0.30595588
   -0.65007108
    0.33564205
    0.32922463
   -0.65322541
    0.34894806
    0.33447657
   -0.64000611
    0.31755500
    0.32514709
   -0.64643087
    0.28454421
    0.35631691
   -0.62884632
    0.33755727
    0.27877404
   -0.64936250
    0.32592562
    0.32777655
   -0.63037265
    0.28660896
    0.34866434
   -0.63900135
    0.31693901
    0.31562398
   -0.64128109
    0.33422643
    0.32080369
   -0.66308778
    0.33051156
    0.32798360
   -0.65754430
    0.33531706
    0.33796800
   -0.62833482
    0.28156994
    0.34280164
   -0.66927446
    0.34556762
    0.33069850
   -0.65886175
    0.34488763
    0.32821372
   -0.66920176
    0.32413727
    0.33982431
   -0.68734090
    0.32356328
    0.33925022
   -0.66518459
    0.33417034
    0.33226072
   -0.68610513
    0.34623450
    0.34941801
   -0.67300938
    0.32441448
    0.32019256
   -0.65005489
    0.33886764
    0.32154222
   -0.65381063
    0.31403772
    0.32257872
   -0.68294963
    0.32727246
    0.33235022
   -0.63889241
    0.30569089
    0.33963377
   -0.63681836
    0.33434940
    0.31315650
   -0.64014106
    0.31958536
    0.32054342
   -0.64368228
    0.30812376
    0.31943676
   -0.66981790
    0.32881874
    0.33356759
   -0.63141292
    0.31354152
    0.33119882
   -0.66040168
    0.33446551
    0.31683302
   -0.66105766
    0.33212456
    0.34329032
   -0.65397203
    0.32154343
    0.33456365
   -0.65457612
    0.32322140
    0.32243274
   -0.65481919
    0.33339826
    0.31633428
   -0.67648879
    0.33106121
    0.33149133
   -0.67783125
    0.32214151
    0.35277820
   -0.66516581
    0.33443986
    0.32827603
   -0.62455983
    0.34786561
    0.28108471
   -0.64362450
    0.33028980
    0.31882402
   -0.64371872
    0.33440950
    0.31606831
   -0.61234146
    0.30808374
    0.32580589
   -0.60301986
    0.32765369
    0.28324527
   -0.63606657
    0.28840171
    0.34041770
