           1           2  0.89660957401073416     
           1           3  0.86235684629533915     
           4           5  0.85882072010347432     
           4           6  0.89077001793567112     
           7           8  0.83272445443549370     
           7           9  0.84445847572086163     
          10          11  0.87782062268374872     
          10          12  0.87540899501732594     
          13          14  0.83181395461907270     
          13          15  0.87960256483276700     
          16          17  0.80555731367451067     
          16          18  0.80682936973064001     
          19          20  0.83379596449802151     
          19          21  0.82710229076763664     
          22          23  0.78820521357230200     
          22          24  0.86993971529525804     
          25          26  0.83320991234528874     
          25          27  0.85159576158403738     
          28          29  0.82342888260778868     
          28          30  0.84710039513245416     
          31          32  0.86424095758905850     
          31          33  0.83950697579872158     
          34          35  0.91317729240278800     
          34          36  0.76546369174212803     
          37          38  0.79876058656292914     
          37          39  0.91741518303344105     
          40          41  0.84781870583603569     
          40          42  0.84734352025833981     
          43          44  0.91298160051789878     
          43          45  0.79279133254975243     
          46          47  0.85200982304745099     
          46          48  0.86207371086254481     
          49          50  0.83901889067737878     
          49          51  0.86509195206204714     
          52          53  0.81894889616221123     
          52          54  0.83064581781352320     
          55          56  0.82979436443695342     
          55          57  0.83815757682425418     
          58          59  0.91446557207933765     
          58          60  0.79871432618654159     
          61          62  0.82259687918983626     
          61          63  0.81829329925970395     
          64          65  0.82603445286868937     
          64          66  0.85058631995477785     
          67          68  0.84485987189477618     
          67          69  0.82450732140033500     
          70          71  0.83211236616634665     
          70          72  0.79449335534926446     
          73          74  0.84819780202238826     
          73          75  0.81583605818055549     
          76          77  0.80537457482798103     
          76          78  0.81097428716981890     
          79          80  0.83424108369135153     
          79          81  0.84105175032325630     
          36          82  0.10183241167401434     
          82          83  0.81394965212950021     
          82          84  0.86480815352543494     
          85          86  0.86118364857614449     
          85          87  0.83398391679078809     
          88          89  0.81630920286699871     
          88          90  0.82074385972898212     
          91          92  0.89593622610717083     
          91          93  0.80172903513706095     
          94          95  0.81486703525383397     
          94          96  0.89116018920756734     
          97          98  0.86867580440394609     
          97          99  0.85011873157011475     
         100         101  0.86851043981560805     
         100         102  0.84753850272386755     
         103         104  0.82702865334098252     
         103         105  0.82653810785716031     
         106         107  0.88461736642444633     
         106         108  0.83728480898384483     
         109         110  0.80552155050809571     
         109         111  0.86547880709426250     
         112         113  0.81819712565485758     
         112         114  0.83050419337247561     
         115         116  0.84325740662457804     
         115         117  0.83170020901033870     
         118         119  0.85438606815737139     
         118         120  0.84658561333823368     
         121         122  0.82909687427384582     
         121         123  0.85257854752451612     
         124         125  0.81840419867892644     
         124         126  0.83146767305901925     
         127         128  0.85106101968128123     
         115         129  0.10064485306320083     
         127         129  0.76613920540461977     
         130         131  0.84035258190680651     
         130         132  0.81585632088983362     
         133         134  0.80895754117479957     
         133         135  0.91337183953868983     
         136         137  0.84729672687532642     
         136         138  0.85806745368244952     
         139         140  0.83840596648540289     
         139         141  0.87460260357342168     
         142         143  0.89338727199614099     
         142         144  0.85820249748010480     
         145         146  0.85871770873266373     
         145         147  0.91751643777180492     
         148         149  0.90789830519772019     
         148         150  0.80956323658113771     
