$coord
       14.43744418470918       38.84137783005692        3.21962540505000      O
       13.58225930427797       39.34659452603384        4.70377652889222      H
       13.94684429317608       37.15907982786001        2.86904541979040      H
       -5.02996849894072      -12.13111357969790        5.70344988999136      O
       -5.28046484861970      -12.83238337796498        7.39420372830636      H
       -3.27140526979530      -12.03816871029481        5.45091431890243      H
       -9.42380767053787      -26.66371088830632       -6.45357254062455      O
      -10.73680032693529      -27.79090585444356       -7.09656050045020      H
       -8.94834918865557      -25.43867183660646       -7.70247378294845      H
$end
