$coord
        8.31202978173455       24.27639954780314        2.14001957048509      O
        8.76307602414201       25.64902915183594        3.25447644002900      H
        7.52326927685099       22.95800529828470        3.14029069026737      H
       -2.49240651148593      -11.88312403969008        2.39960879205093      O
       -2.33105325267540      -12.32555265828706        4.20516221787772      H
       -3.60380765956032      -13.08992588565199        1.74316051377157      H
       -5.71170316186713      -12.33158187436324       -2.12117722097734      O
       -6.73718878457027      -11.09803935363338       -2.98462586450561      H
       -6.31017119121738      -13.93020731544777       -2.92276285901103      H
$end
