$coord
       33.08200978565797       83.16976614319319        6.25690285773944      O
       31.88213978998647       83.40027936034882        7.63715079168410      H
       33.45800616355469       81.37865636315045        6.19561556157460      H
      -15.23098686593362      -23.33095109640912        6.85886703457934      O
      -15.81553881810545      -23.76118180510706        8.54602535055846      H
      -13.44162426889932      -23.11972272299343        6.97423311115362      H
      -18.01477253324797      -59.72261747609674      -10.83035611726289      O
      -16.30890362472309      -59.16856236806325      -10.52412363903321      H
      -18.12340094357917      -61.43819014703701      -10.26468134133970      H
$end
