$coord
       35.19781058629898       89.26900588947899        7.39811145520471      O
       35.91436349570429       88.43361809278790        5.94312603834038      H
       36.06746004993833       90.87028819690669        7.53379469336319      H
      -15.10281741016010      -24.65095213323701        4.80878503282950      O
      -15.57321882076810      -25.09521117903406        6.49807294003243      H
      -13.27634697852900      -24.45667619157158        4.82334530415108      H
      -20.37725847058673      -64.79030271249327       -9.74454336648727      O
      -20.64446333905885      -63.12092622828876      -10.43681582956680      H
      -18.94093574057686      -64.72484122824139       -8.62822756251263      H
$end
