$coord
       43.92939259324545      115.28144840570367       13.77289374304749      O
       42.29681327901370      114.99851915976409       14.52316455238543      H
       44.15422361572245      114.01970936446882       12.48364713443370      H
       -8.75874177388548      -22.15129586296928      -11.96868482673637      O
      -10.50575700792595      -22.28080739278522      -12.45181843060736      H
       -8.59458284725990      -22.80672328454308      -10.28402289378540      H
      -35.15361985303814      -93.11992882900235        0.66178266081136      O
      -34.76051783264774      -91.78438591444302       -0.50287783610826      H
      -33.83188260729492      -93.15951460380046        1.90698993345355      H
$end
