$coord
       45.07119164674346      119.01961049604456       14.36377979592717      O
       45.83707196633899      118.17084516845250       12.94619851299838      H
       45.85989628498503      120.65829657448053       14.50499591132674      H
       -7.29422853673246      -19.72083424462752      -13.60060003386447      O
       -8.71386604806968      -20.23855816622083      -12.59355571848469      H
       -5.80082968609348      -20.06837532673750      -12.62289846086454      H
      -37.88108825303463      -99.43601433104671        1.76591326452623      O
      -39.29242837518242      -99.42227184048416        0.62065498238573      H
      -37.19312189042055      -97.75383813861224        1.81010159135791      H
$end
