$coord
       38.75811567956082      100.94782386920913        9.88694002942810      O
       37.90386183170195      101.37510449989497       11.43778897351508      H
       38.43528426865436       99.18179135068640        9.55251976666513      H
      -11.71109030857865      -25.89885186663075       -1.68776851448455      O
      -11.19026646472626      -26.30309289056983       -0.00229709391371      H
      -10.20285123695046      -25.46182231799365       -2.63047973773343      H
      -27.16401683175410      -75.14139166411614       -5.77945153194587      O
      -28.11950986092448      -74.10318450698774       -6.92353423592002      H
      -25.92394285871104      -74.05976588307468       -5.01859724214566      H
$end
