$coord
       17.39011817266035       45.89754709686033        3.70084981157659      O
       16.78243219608244       46.32418358940433        5.36187508694344      H
       17.25966806791651       44.08930910712586        3.53942185052404      H
       -6.51278981999726      -13.55500535308699        6.04620576701980      O
       -8.19504954554132      -13.32375056373702        5.37913225570640      H
       -6.80056611500705      -14.03821885811697        7.78072833213719      H
      -10.89598064863789      -32.32872774343647       -7.37637907266264      O
      -10.15363510435592      -31.10556742589534       -8.45384797751067      H
       -9.56364193713039      -33.01660096928276       -6.40724266910235      H
$end
