$coord
       26.64990847334212       67.66103981774106        4.95338168582651      O
       27.10613677065726       65.96986929728976        4.54333866986289      H
       28.15385570282847       68.64729988733313        5.01914141545394      H
      -12.58185353507927      -18.69992688474577        8.27495443362393      O
      -12.01083382001816      -19.17260632656270        9.96246069225800      H
      -11.14424533175576      -18.16028121656826        7.35680076966386      H
      -14.34369461541281      -48.86219155503682      -10.78934766013886      O
      -12.97571157145355      -49.64468539657595       -9.87301089114956      H
      -15.68834901754071      -50.07190876167026      -10.90161438035996      H
$end
