$coord
        5.00841478622321       15.87938628950548        1.45736621349458      O
        3.85514948301410       17.15906318666586        1.83309543921528      H
        4.12687218157150       14.53941976256737        0.72691169931749      H
       -0.19999688486441      -11.22790189339984        4.63677294843753      O
        0.62441375339192      -10.90346877851555        6.20511859886213      H
       -1.51808233790507       -9.99170384504324        4.66719711857076      H
       -4.75194540458621       -4.75114199693934       -3.53846575913570      O
       -5.73384274813085       -4.45661315229965       -5.09380825337260      H
       -3.22725474867427       -5.60186419983159       -4.09828798574442      H
$end
