$coord
       11.09917455954560       31.22729143641672        2.87753287037161      O
       10.26246247256786       29.77912037025134        3.59183826414669      H
       12.79398350639853       30.72344512090533        2.44544390793130      H
       -3.19637334250175      -10.75783237391151        4.59034388966464      O
       -2.01176865278860      -10.55970160746783        3.30418206529146      H
       -4.87192334708270      -10.83065599410077        3.77808484889011      H
       -7.94465340118175      -20.30665720008001       -4.87903429577275      O
       -7.08883761965269      -21.50091222209713       -3.77917977661957      H
       -9.38352439265900      -21.06565792171205       -5.63082793801971      H
$end
