$coord
        5.37232083940587        3.05560290688967        3.30957781779885      O
        4.83509217786134        2.17888625247054        1.82180557961703      H
        5.30319291336025        1.92337641319326        4.74542536107682      H
        0.76524819413273       -0.96996615514970        0.42410305125475      O
       -0.79125762942584       -1.99379490715908        0.43987286027315      H
        0.94407173256242        0.21378812476210        1.76868839311281      H
       -6.03459265091920       -1.92485906048751       -1.27877639994239      O
       -7.12220730300198       -2.87569289646755       -0.14212863879890      H
       -5.78567080810555       -2.86853970680101       -2.78119396504489      H
$end
