$coord
       30.24523015856315       75.90183049185272        5.59474787373000      O
       31.10038133355022       76.09931090651421        3.99519263697706      H
       29.49520412841465       77.50737519961018        6.04795466027701      H
      -14.37002138059516      -21.25105896986311        8.12804950230900      O
      -15.19966115207179      -21.63678908039605        9.67298883289079      H
      -12.56841770396291      -21.03988661361346        8.43670890333837      H
      -15.92363519607781      -54.82721391073079      -11.16013130427112      O
      -17.25477119508878      -55.70172993948557      -12.01074465091751      H
      -15.76715961269914      -53.25493658566151      -12.01375230806280      H
$end
