$coord
       42.38833859243518      111.00597733746194       12.81171621550317      O
       43.95719015434924      111.79487615975218       12.32975386856546      H
       41.52846655343270      112.19407806917005       13.89074438208967      H
      -10.06763542541787      -24.23094249205693       -9.44314192179022      O
      -11.69276622914978      -24.13879361715478      -10.24214316806182      H
      -10.32237974920557      -24.86229968788344       -7.75768766064872      H
      -32.32693395484252      -86.83958176234910       -1.04469268971613      O
      -31.23920446676221      -86.38791342767608        0.32892769452577      H
      -33.10083543930818      -88.41686457124423       -0.60083765349166      H
$end
