$coord
       20.34279288251711       53.05450621258926        4.29609419816151      O
       19.64965580488542       52.66952836762032        5.96202460771415      H
       21.05188475783130       51.47027718097985        3.64313420003651      H
       -8.14817152535586      -14.79807862753473        6.47582044738425      O
       -6.92918930172119      -14.36354934518385        5.23161701128472      H
       -9.76887527772736      -14.71443418211640        5.56458241484981      H
      -12.22743900613563      -38.11041480754596       -8.25435461770798      O
      -10.85625516940159      -38.92056999328252       -7.37384979362257      H
      -13.59137603342685      -39.32699891441784       -8.17749050458320      H
$end
