$coord
       40.23554801957690      105.46944991923732       11.41912462343493      O
       39.99828587161065      103.79994230465134       10.70826052621247      H
       41.87239160013676      106.06558705681579       10.87155085372837      H
      -10.85765258304902      -25.07891796215826       -5.60553019326275      O
      -11.62097646678627      -25.61154811904248       -4.03284961340625      H
       -9.06499887523806      -25.15139617688525       -5.35310716345283      H
      -29.64153116626431      -80.39479445701392       -3.41837061778535      O
      -28.96923217383880      -78.70432713289752       -3.46677401928163      H
      -28.96667323848168      -81.17968980577218       -1.91975600074003      H
$end
