$coord
        1.17924410861013        6.06991485297067        0.08491235194334      O
        0.93243658720130        6.69785799019050        1.77042960256359      H
       -0.49495929055249        5.52208687938844       -0.39557742435122      H
        0.79394256574876       -8.61810557793456        3.61857266831403      O
        1.47839376688556      -10.26858127862226        4.25377636250546      H
        1.99464655011212       -8.05268631585948        2.31418335095196      H
       -2.09642187792415        2.60491824647691       -1.14386998707630      O
       -0.64029791357935        1.56091531117548       -0.82986193488297      H
       -2.26774785185229        2.78317149138148       -2.93578708050718      H
$end
