$coord
       37.25426799831870       95.42747564136495        8.63103273121187      O
       38.23855140613259       96.57953805072101        7.64232111433136      H
       35.99683173789905       96.39219167901791        9.51598277694820      H
      -13.82650888924237      -25.65046624146882        1.77358217704085      O
      -12.89860618386470      -25.95843547180854        3.32337820976634      H
      -12.66915800134046      -25.04804937990342        0.52205185362348      H
      -23.63570494441887      -70.05897986872944       -7.87178064036220      O
      -24.03206664548117      -69.09904145624998       -9.35598740003494      H
      -22.27776076629694      -69.20447305098767       -7.04210737040365      H
$end
