$coord
       23.43218392070404       60.27545103021024        4.62306775020517      O
       23.08793342718939       58.77445805464558        5.58508338590677      H
       25.11410275485127       60.11978970881939        3.93104236772828      H
      -10.38478456675810      -16.50483024746662        7.45578544285650      O
       -9.18175819102499      -16.90445547452242        8.76393449693552      H
       -9.40227745376750      -15.93831212922645        6.04830185635613      H
      -13.22459937552452      -43.66492166574916       -9.64214212550470      O
      -12.88524679807103      -44.33644167836845       -7.97200934446913      H
      -14.86687691613202      -44.25579078937503      -10.21279957388514      H
$end
