   -0.61415183
    0.30686541
    0.32578672
   -0.62105975
    0.32955778
    0.31577258
   -0.65874911
    0.32903613
    0.32082334
   -0.62570028
    0.31397851
    0.31515288
   -0.63532402
    0.33132912
    0.30937299
   -0.69205319
    0.33865303
    0.33113416
   -0.66922846
    0.31947875
    0.32402496
   -0.66358853
    0.34611581
    0.30596098
   -0.65007732
    0.33564479
    0.32922785
   -0.65323121
    0.34895025
    0.33447928
   -0.64001292
    0.31755921
    0.32514920
   -0.64643589
    0.28454810
    0.35631799
   -0.62884851
    0.33755669
    0.27877709
   -0.64936857
    0.32592710
    0.32778090
   -0.63037637
    0.28661078
    0.34866606
   -0.63900737
    0.31694129
    0.31562813
   -0.64128663
    0.33422842
    0.32080671
   -0.66309476
    0.33051486
    0.32798677
   -0.65755034
    0.33532009
    0.33797036
   -0.62833903
    0.28157383
    0.34280200
   -0.66928162
    0.34557107
    0.33070251
   -0.65886879
    0.34489038
    0.32821846
   -0.66920796
    0.32413766
    0.33983032
   -0.68734755
    0.32356556
    0.33925392
   -0.66519272
    0.33417501
    0.33226377
   -0.68611399
    0.34623687
    0.34942420
   -0.67301583
    0.32441882
    0.32019560
   -0.65006081
    0.33887037
    0.32154480
   -0.65381583
    0.31404122
    0.32258073
   -0.68295737
    0.32727680
    0.33235434
   -0.63889570
    0.30569342
    0.33963455
   -0.63682181
    0.33435211
    0.31315686
   -0.64014603
    0.31958810
    0.32054567
   -0.64368687
    0.30812537
    0.31944035
   -0.66982277
    0.32882137
    0.33357018
   -0.63141735
    0.31354471
    0.33120010
   -0.66040820
    0.33446780
    0.31683723
   -0.66106288
    0.33212602
    0.34329367
   -0.65397793
    0.32154602
    0.33456645
   -0.65458247
    0.32322505
    0.32243549
   -0.65482577
    0.33340063
    0.31633814
   -0.67649590
    0.33106360
    0.33149721
   -0.67783771
    0.32214499
    0.35278114
   -0.66517078
    0.33444272
    0.32827851
   -0.62456389
    0.34786547
    0.28108867
   -0.64363176
    0.33029345
    0.31882731
   -0.64372580
    0.33441177
    0.31607295
   -0.61234532
    0.30808540
    0.32580792
   -0.60302185
    0.32765341
    0.28324765
   -0.63607025
    0.28840567
    0.34041719
