           1           2  0.89661483741403636     
           1           3  0.86236183862723714     
           4           5  0.85882460071465772     
           4           6  0.89077434618113938     
           7           8  0.83273023368474275     
           7           9  0.84446363584987705     
          10          11  0.87782623314357577     
          10          12  0.87541435996476835     
          13          14  0.83181813432958140     
          13          15  0.87960762857774366     
          16          17  0.80556073134256156     
          16          18  0.80683428998392170     
          19          20  0.83380252010834921     
          19          21  0.82710675780861387     
          22          23  0.78821007190708303     
          22          24  0.86994462890065560     
          25          26  0.83321340612197148     
          25          27  0.85159911681368705     
          28          29  0.82343193169908646     
          28          30  0.84710287447235588     
          31          32  0.86424323807170933     
          31          33  0.83951036898108478     
          34          35  0.91318021996840515     
          34          36  0.76546734055617371     
          37          38  0.79876666918417727     
          37          39  0.91741977606215330     
          40          41  0.84782324568257272     
          40          42  0.84734710763925136     
          43          44  0.91298498567677489     
          43          45  0.79279445669830373     
          46          47  0.85201450242451149     
          46          48  0.86207749444701520     
          49          50  0.83902336793104593     
          49          51  0.86509540119251460     
          52          53  0.81895169661475264     
          52          54  0.83064920987222202     
          55          56  0.82979809094116774     
          55          57  0.83816141258511412     
          58          59  0.91447007127219404     
          58          60  0.79871925663102639     
          61          62  0.82259922959183729     
          61          63  0.81829622449448935     
          64          65  0.82603578075434725     
          64          66  0.85058948441073334     
          67          68  0.84486515920513405     
          67          69  0.82450997276013449     
          70          71  0.83211685645140887     
          70          72  0.79449758826843175     
          73          74  0.84820028024888972     
          73          75  0.81583894547351610     
          76          77  0.80537753670415924     
          76          78  0.81097496261648228     
          79          80  0.83424640806169081     
          79          81  0.84105770915340394     
          36          82  0.10183223925363016     
          82          83  0.81395296579520426     
          82          84  0.86481220316121188     
          85          86  0.86118872119323031     
          85          87  0.83398992972796482     
          88          89  0.81631320713760092     
          88          90  0.82074840972757745     
          91          92  0.89593978164847432     
          91          93  0.80173336639346016     
          94          95  0.81487095355552575     
          94          96  0.89116485596049044     
          97          98  0.86868122601672482     
          97          99  0.85012367243311260     
         100         101  0.86851719558873497     
         100         102  0.84754456843018844     
         103         104  0.82703431678408024     
         103         105  0.82654304814214974     
         106         107  0.88462226640412411     
         106         108  0.83728990032477046     
         109         110  0.80552621626743570     
         109         111  0.86548259038533060     
         112         113  0.81820109159090970     
         112         114  0.83050650290402872     
         115         116  0.84326240909265116     
         115         117  0.83170407400147317     
         118         119  0.85439074845571572     
         118         120  0.84659131061658766     
         121         122  0.82910105655964439     
         121         123  0.85258184486039190     
         124         125  0.81840861977607493     
         124         126  0.83147169315912939     
         127         128  0.85106413378223333     
         115         129  0.10064515302166824     
         127         129  0.76614143762057219     
         130         131  0.84035683961507956     
         130         132  0.81586048230806629     
         133         134  0.80896189516048078     
         133         135  0.91337521369486807     
         136         137  0.84730040525664274     
         136         138  0.85807111435967065     
         139         140  0.83840996017303959     
         139         141  0.87460523203167850     
         142         143  0.89339177740763431     
         142         144  0.85820682626130296     
         145         146  0.85872262569510538     
         145         147  0.91752190623870478     
         148         149  0.90790290668456397     
         148         150  0.80956910949574856     
