$coord
       11.87507461434021       13.03390897616340        9.37003429536145      O
       11.54388795872163       13.64251103281066       11.17061437866463      H
       11.76032735668780       11.23522497652964        9.49965998668896      H
       12.11964813493187        7.99961817522520       12.00559907034308      O
       13.72119317743591        8.99530014504595       11.80036233151248      H
       11.96228345128000        6.66988800346748       10.74745170281308      H
       16.69945665263114        9.87068293854318       10.80330636905367      O
       16.00480103689168       11.57497383551104       10.65269728080409      H
       18.37193533267613        9.93983968559260       10.14649222167137      H
       16.49386052568397       14.03369944867143        6.77039821155213      O
       15.79756914494003       12.46607605901360        5.87248805675398      H
       15.10321066474855       14.66381316615894        7.71983131537490      H
        9.24162445227547        9.13466779441110       17.77987916161797      O
        9.93384053100503        7.66095533262438       16.84397731065633      H
        9.40810996289710        8.80430764004443       19.45584255925598      H
        5.64516596196657       13.92954510109513        8.83076168225368      O
        6.52982391672735       13.08765034172828       10.16200009460235      H
        4.04317514255233       13.17282268900625        8.91580268964339      H
        8.16060745968251       11.53608407758029       13.34976594012736      O
        8.52683608000347       11.33238141021750       15.11916539561158      H
        8.90670091916499       10.11230242363202       12.52625300974780      H
        8.65678262491985        9.80035836310229        7.02702639854162      O
        7.06538616384801       10.23781268525811        7.42171265376897      H
        9.17426149782458       11.44671557471191        6.57607532654508      H
$end
