$coord
       11.18182802029617       11.66316530101880        7.34839575608414      O
       11.52250160184040       10.99992053000670        5.77832198847669      H
       12.93753623858031       11.40599753712458        8.01804321837738      H
       13.06242144765525        5.27821541925153       11.82888034550515      O
       11.39756719989192        5.16724008483339       10.99800501133054      H
       12.79202649950911        4.59347106806655       13.55553448296828      H
        8.92177497418536       16.86731310870655        8.56574563599493      O
        9.85529506010105       15.57845812921211        7.68383553180900      H
       10.00907730208975       18.29755620692249        8.39342314549078      H
        6.86635142675178       12.67962758426685       10.73711240830805      O
        7.23418473752476       14.56738918746163       10.63409861201803      H
        7.04564618299902       12.11529413491777        9.01302459040729      H
        7.71045298995170        6.98292522624708       12.62749986557797      O
        6.18107116307949        7.50326350020675       11.70185703372313      H
        8.42491975202232        8.66391674064281       13.25308555391303      H
       11.83157989792363       10.25446244565254       12.88747922655471      O
       11.33215381128973       11.21379356651375       11.22138272217425      H
       12.82374354264145        8.78750035425604       12.28493625239968      H
       15.68243196589825       10.47412338840763        9.52811277771377      O
       16.34696230658636        9.37767738412239       10.70994056100413      H
       15.32596860954369       11.84768927144022       10.65296317699140      H
       13.60152512340820       14.86275543307250       12.71897526538798      O
       12.15756383032678       15.56459170779194       11.88340480117720      H
       13.00877763897580       13.77428286015775       13.96186895081883      H
$end
