$coord
       10.79771311470146       13.63089588312661        6.68154779474351      O
       11.14361961672990       12.27067957869122        7.75609820511551      H
       11.79943042240913       15.13909998751100        7.29362575927444      H
       12.07152664526140        9.14150502009574        9.49148816179333      O
       12.57115850375237        9.14144017477312       11.19745981803112      H
       10.37371760001088        8.51968540455393        9.74035064009403      H
       11.87852691476873       14.60074515880136       12.04539743278196      O
       10.83195512081091       13.32772554726879       11.24020336771304      H
       10.89859660442606       15.39831210910592       13.30697094897504      H
        6.59731112610329       10.17868391184884        7.76295496684907      O
        6.42460885478928        9.02741860314713        6.41986062725057      H
        7.69723625560549       11.49908489596987        7.20563853261887      H
        6.76664385368909       12.81020924564580       11.98751105439538      O
        5.75911947334796       13.45361776283859       10.60962961201469      H
        7.29955700403085       11.10265575329622       11.59756436546876      H
        9.64489096767731        7.88279730624643       14.07777405109250      O
        8.01785156425303        8.08843683835244       15.15527781308692      H
       10.76721792031587        8.91622558860577       14.85664450734429      H
       13.94956059670112       10.61627820960886       15.05698000149945      O
       13.84852203905430       12.45470246947111       14.98564564731192      H
       14.93058267831188       10.02490122543044       13.73986769824650      H
       17.33388700409009       10.27962922520260        9.02560657653432      O
       15.77842867372023       10.98872231935492        8.63625861481370      H
       17.34639123737137        8.85488365116681        7.80962212963952      H
$end
