$coord
        7.82001516364577        9.10607413448887       14.58239373333468      O
        9.47085069684877        9.74823800805095       14.21947253668106      H
        7.78995556647050        7.47376415177252       13.81950812900233      H
       11.64647171578874        7.89912850184832       10.89789652586267      O
       11.48204819249194        7.58575456213201        9.07872862445082      H
       13.26652215213953        7.26828721113941       11.41709507712810      H
       12.94914559725459        8.25993974074659        5.27371704505095      O
       12.87546196038466       10.19419789174642        5.66789242383170      H
       11.23070856754228        8.30635105668026        4.56423080112422      H
       13.55845773191570       13.36091671853661       10.33652804739947      O
       12.29127765169972       14.41290272803592       11.14439791351785      H
       12.62351896783998       11.86307233461129       10.02391929076740      H
       13.75846507178790       10.77627953994510       15.00311567269213      O
       15.03816082530427        9.59049872797099       15.46506131627766      H
       14.34880787707266       11.16169108225137       13.28270036060167      H
        7.93888164808755       12.15582489080164        9.83772203790023      O
        8.26757134717967       10.77161489406962       10.97784393278125      H
        7.41616024913134       13.54713521305553       10.74179939369051      H
        9.78227457422249       14.28089954227668       14.71347779458864      O
        7.96803208719357       13.72735385525025       14.89645949131147      H
       11.01309658765586       13.20109480711786       15.54158653886484      H
       11.51704646327757       13.41130740470362        5.38400095544119      O
        9.75059119276901       13.55046288493999        5.24111923730986      H
       11.76402451902216       14.05121353291676        7.07537510744589      H
$end
