$coord
       11.84821468437760       15.69663004989639       11.24359663173848      O
       13.50884527944336       15.00391802360745       11.66731946365439      H
       10.73707861383063       14.99155259580816       12.45409253725493      H
       10.76892816069146        7.52780359052957       11.07086848612170      O
        8.93521803932443        7.98461497922806       10.96390899690300      H
       10.73522221710859        6.87959139569608        9.37170306368233      H
       14.16546740366633       11.58472824554143       12.91804733513859      O
       13.19742610349291       10.26179680705015       11.94043917323670      H
       13.80153577669845       11.20573933625609       14.62640391197262      H
       13.93144988185310       12.34982628609034        6.71932063656518      O
       13.83616865752680       13.94807018064147        5.97643133477758      H
       15.11894155054173       12.52936105362894        7.94464151234036      H
       12.50364657998927        8.45326854833624       17.01833422098781      O
       11.91748433874209        7.52522242351441       18.35053929673013      H
       14.15815358327023        7.69163691085768       16.71128290259024      H
        8.58666538041459       13.66051571029625        7.32215012426870      O
        8.65162803717175       15.10831374130528        8.37924590211423      H
       10.26818338319824       12.92522121901354        7.48038387100790      H
        8.40764357320417       12.24923638431797       13.56845972970499      O
        9.83868073465442       11.43631636778356       14.21807452433719      H
        8.40587877109599       12.23091294148763       11.73558886857894      H
        8.47627486462109        7.70633132779499        6.15437286882017      O
        7.82918770592551        9.34029317539006        6.01506267295311      H
       10.17646655259953        7.74354396937150        5.54129245178626      H
$end
