$coord
       10.49673251985791       13.19153896315775        7.74373990634686      O
       12.31881006783169       12.97035709487711        8.41912481973090      H
        9.99244619676823       14.43577776181919        8.97024849230558      H
       12.87840385494034        5.25366856095388       10.81487171703820      O
       11.78923319762688        4.78194262709373        9.42061313483460      H
       11.55880979728773        5.61359549315198       12.02972066535108      H
       11.47133347988304       16.87572122402688       12.05570262941363      O
       11.07219713893096       18.50605280100579       11.21623746559947      H
       13.15848589137580       16.58632293348180       11.50430694985145      H
        8.69663661552593        8.71730247026923        8.22762397586957      O
        8.28857634246006        9.82714453235769        6.74785240724804      H
        9.58389873690833        9.56913156137869        9.56123018244801      H
        8.49683432767814        6.87968890092762       13.11322122074191      O
        8.37856223314636        8.66286529504957       13.62201017910037      H
        7.31615983284326        6.50152624691261       11.86829776139633      H
        8.08694636651764       12.23745338175458       13.36717105357141      O
        6.60868491932946       12.69680534354518       12.37858005340693      H
        9.19569304107762       13.62553126799926       13.12227859105970      H
       13.32067763166296       10.27377238473475       11.26779120460111      O
       12.06774132695248       10.76224433767209       12.36770988285317      H
       13.23453907365962        8.51869521452386       10.87529265860163      H
       15.47622968909241       15.43098538830625        9.50597104409093      O
       17.21317531262108       15.89087256101410        9.79268355976774      H
       15.57116307804821       13.74836283378206       10.18518835450966      H
$end
