$coord
       10.07433324860199       13.12689279480045       13.63552968665725      O
       11.82475997287685       13.11342933143929       13.14342044887385      H
       10.33097610416853       14.04672165138615       15.23490401497751      H
       12.52884359017195        6.88529095421617       13.96693856236988      O
       12.12183624603620        6.65019105023035       12.19983868529158      H
       13.32102419419896        5.49228105926925       14.50642983567786      H
       12.19780579500255       10.51433255176656        6.08806850112556      O
       11.73588710809382       11.41445685143279        4.62723817463241      H
       10.68365717963662       10.22856007418660        6.96796612757568      H
        6.52876264815672       11.04844160596455        5.60892891249598      O
        4.87868889870555       11.83879070102489        5.09497726717000      H
        7.27157513864698       12.32991990214713        6.81050907237583      H
        9.60073555135108        9.59668119356984       10.49163679465517      O
        8.82532188774188       10.16516181551197       12.01002748272652      H
        8.19282048005405        9.38100618773737        9.29506832888262      H
        9.37555506263318       14.79776780071333        8.55336464608547      O
        8.86534076936139       14.45158034574612       10.23699124599994      H
       11.21381644736143       14.34138705163439        8.73901512663074      H
       14.42533107711865       11.25955094595352       17.07874018004255      O
       15.31583184801559       11.06226790108082       15.48642724451567      H
       12.74376493461967       10.65871837270278       16.81953197416421      H
       14.33770538558834       11.93853104781340       10.72608042080169      O
       13.22140116556502       10.63637710784628       11.22402923684590      H
       14.47711428828765       11.96883947399239        8.83391330601676      H
$end
