$coord
       10.76100322016031       14.01383110507843       11.47292673796732      O
        9.51524915778314       14.80003282309902       12.52047477252922      H
       11.32581064111763       12.47686390461418       12.26410310273288      H
       13.31681020161354        8.16322320629334       10.99682729997479      O
       14.40851998740047        7.91562352150759       12.42447043068486      H
       14.25917122148613        8.40881010195710        9.49074948509763      H
       15.23715610219848       10.98004955625057        5.75893259917718      O
       13.47982782293774       11.41772851877137        5.72160433892086      H
       15.61929727825521        9.25883646650099        5.55664221494018      H
       16.14425772363026       12.62064326156561       10.78420609459203      O
       16.76400179328044       11.93715832198666        9.12244549490253      H
       14.63631947602222       13.42843485620439       10.33969874553600      H
       10.82486248725585       10.28977753847719       14.99868908776281      O
       12.52301927233177       10.13800435924513       15.26511086300780      H
       10.21969778355489        9.07975204980184       13.80351275840657      H
        9.83504935623098       11.11630554586724        6.96986083211705      O
        9.44287780926545       11.68556328246670        8.65747018451861      H
        9.01917676715430        9.57772279752359        6.90106666525759      H
        6.27495291733161       13.41746505369929       13.83108219232641      O
        4.81333834684619       13.87615922861641       14.84374789441992      H
        7.49795723389006       12.45091236926978       14.91498490579154      H
        6.65582111877784        8.73772571556161       11.06913238234505      O
        5.04346016974197        8.16009700762953       11.65388508628727      H
        6.76262820383319       10.42357793555666       12.03224901531424      H
$end
