$coord
       11.16173969580819       12.11945380908119        7.61152705619407      O
       12.27717423853944       11.36334198135043        8.75693307144513      H
       11.26224594893115       10.81834181113607        6.41496579390526      H
       11.38965838210626        6.77297081020642        8.30818432884280      O
       12.15759396785980        5.58235524874619        9.40387265866338      H
        9.61022609753684        6.98680065159101        8.72126970175966      H
       10.38503384076089       16.36221893063188       11.99686686962010      O
       11.52312659352088       16.39275096836288       13.44940744760853      H
       11.19695721732697       16.02634028774589       10.35625268334639      H
        6.28606896933436        6.32431183765971       10.06749526771755      O
        5.24192885624327        6.30540510760567        8.65420324898462      H
        5.75828008684152        7.82299589026248       10.87555467463355      H
       11.08762606022987        9.82505523869696       13.53745594651720      O
       10.56403151800104       11.24080357343520       14.61571973306276      H
        9.66066577071128        9.67637050417091       12.41514774281453      H
        7.06471870702906       12.23228106149223       11.08401525235564      O
        8.45988456666390       12.38661185982991       10.14297869576500      H
        6.97918909435605       13.88534775954363       11.80677011527500      H
       15.27036619342607       10.30174071251918       10.54395097803749      O
       13.92587016502387       10.19572737901106       11.70485024696043      H
       15.57562615724729        8.61112287865385       10.22586898492158      H
       16.26542085450343       15.25944763581026       12.96092572247542      O
       17.65647338778492       16.24580789426494       12.38424361204303      H
       15.70948319933016       13.75972466798552       11.92408655219467      H
$end
