$coord
        8.12463741456188       12.40791040646029       11.96722479749666      O
        8.86524129004233       10.76906057196435       11.94965491049290      H
        8.59021593200925       13.35011643921115       13.43040098532762      H
        9.38883789329806        6.90419847198351       11.02872600428920      O
        7.76942305723653        5.89267082476566       11.40074161997314      H
        8.90855362553235        7.36113430713585        9.41292220219167      H
       13.87758416411764        8.35853096814671        7.29642869570285      O
       13.80129982213574        7.60268967192813        8.94060511111977      H
       12.20148398624560        8.61512322202263        6.64586313775029      H
       15.71506144517527       13.49004361551737       10.20353247854610      O
       16.11589968587707       12.71173808817812        8.59844892967042      H
       15.75903444621240       15.32111308495558        9.74589802917892      H
       12.68797335058969       10.07322107499104       14.23700785838018      O
       11.49066061727931        8.87250882579978       13.40539111091418      H
       13.70488902011207       11.01312776489572       13.02876917774728      H
       11.49028636523441       14.03348389314699        7.31167939773298      O
       10.24245502395311       14.59400811087411        8.52819790574341      H
       12.38609170145715       12.69142550849704        8.10759148886771      H
        9.85205832819736       13.86497074514342       17.06198260537955      O
       11.32612200071053       13.30404562823792       16.14550337940281      H
        9.38171739944057       12.15432650228734       17.75140146607326      H
        7.84706277395593       10.11379090543540        7.05363002210284      O
        8.59530872042303       10.87888140866605        5.58785961673306      H
        7.25449938924102       11.38918675121160        8.37625851556903      H
$end
