$coord
        9.79532023140158       13.65355020102131        9.38266549822690      O
       10.69940985263528       14.71683716929703       10.59849521962076      H
       11.04730144824452       12.47647618775729        8.59645787772044      H
       12.74069798786174        8.08578706451411        9.56484936521934      O
       13.63570944125440        9.31151422404136        8.53983642440509      H
       11.46119293674679        7.23901617555281        8.56187429287543      H
       12.96716458810329       15.02090662737728       13.65517126683230      O
       12.48648434567870       13.40178280185116       13.99225177366883      H
       14.43035058349273       15.20259504164516       14.68621335330109      H
        7.95398581287865        7.62399271401492        8.04113195041132      O
        7.12441680796830        8.56057856150069        9.41705834002539      H
        7.49080979318155        8.44087548519781        6.58189430276364      H
        9.60061089985586        9.98942519333460       13.54713213344165      O
       10.52526174813590        8.59644341112037       12.83048429989248      H
        8.48103237362132       10.59218155225008       12.26074374385206      H
        5.00482970779640       11.29000780664527        9.88275630218289      O
        6.51487612330986       12.30909902815644        9.37639049853602      H
        4.14188730173858       12.29286629336531       11.09279683716935      H
       15.91703103932356       10.61886064866281       13.45983023062071      O
       16.41252268257186        8.94266531887061       12.61656977081382      H
       14.29407790851329       10.10130726099963       14.02069044511448      H
       14.84639651235884       12.82186864700286        8.56912607653102      O
       14.63378550466324       14.59802765440863        8.78755745778900      H
       15.53312245071226       12.00682504335362       10.01694328155577      H
$end
