$coord
       10.21922535955643        8.67177475659689       12.99197194940026      O
       10.68747169215473        7.31555426084727       11.84168867356546      H
        9.86364865736804       10.25686256896634       12.16869054295543      H
       13.24485816820718        7.71764483664994        9.19177665762589      O
       11.90353523562943        7.02068242157389        8.15698716959874      H
       13.25089497320855        9.44792306427551        8.85071664378754      H
        9.62362474212890        7.78287290050466        5.69772984484709      O
       10.52260708768364        7.21890411546197        4.23925711915981      H
        9.58523567383402        9.63748788055006        5.67864872069153      H
       14.69926662579343       11.62080845731385       12.37574166640129      O
       13.87185929328036       10.16814704022032       13.13395608397130      H
       15.86347062517686       10.74287983237374       11.32783400161766      H
       11.13746019398606       11.35498747643901       17.34926725075026      O
       10.32440773607944       10.00581789212631       16.50077948479872      H
       12.70194772865491       11.57660681167512       16.46403302632155      H
       10.46958840503972       13.74655538825705        9.60064991266575      O
       12.04312782396238       13.22921080956049       10.39094415164436      H
        9.82036375436574       15.20979315341116       10.56483777506222      H
        9.43288486263446       15.25059422334808       14.45261673994445      O
        9.44062570739300       13.97217331638601       15.70380667630307      H
       10.10175699130142       16.66341073454409       15.39295356542343      H
        9.99069008152908       12.87387899973234        4.51954821892018      O
       10.68486574403224       13.93708119059596        5.99289393507154      H
        8.38143100813041       13.75101518696835        4.34204528229122      H
$end
