$coord
       10.39216467023783       16.43819792211805       11.77929889160000      O
       10.12344604412420       14.89208895691617       12.73858007448291      H
       11.58164592858310       17.27615438249383       12.84512417216890      H
       11.06682795374815        6.69026788232149        8.88889173450437      O
        9.35795530942963        6.30122980143771        9.45026637278583      H
       10.83014570734083        8.23396122195858        7.81779150734066      H
       13.18388857540632       13.56006798261534        8.62487072948541      O
       11.69321357639461       13.84198873101625        9.54654685689921      H
       12.86957194165326       12.00126535783293        7.65936954455894      H
        8.98202513216866       11.33250712776713        6.45996115333239      O
        7.64556963860350       11.08004971377520        7.55579295143237      H
        9.34314486775915       13.14833442651605        6.52814896480390      H
        6.26812968582388        8.69230499698879       10.22363108281468      O
        4.49027901715425        8.58194523413705       10.56916619505962      H
        7.15372087860948        9.19201887726496       11.88334065974409      H
        9.83895486318926       11.17427762908846       13.71167965634982      O
       10.18531877522490       10.93164815992197       15.52424135519210      H
       11.58384104157140       10.87658997024822       13.22991782031238      H
       14.99445070697684       13.22575736930941       13.73192903626264      O
       15.39425095607564       14.30407089184201       12.30674878066881      H
       15.34730340289219       11.54019035898817       13.11042993017042      H
       14.34643033802976        8.08185583435409       12.54118595786213      O
       13.36224446032034        8.80322311644155       11.07894472392042      H
       14.00137430738046        6.33098059252859       12.39119727566300      H
$end
