$coord
       10.04425446766961       11.76633271746350       11.49849336485128      O
       10.89024545172228       13.31849234512633       11.85606190997695      H
        8.53351162771570       11.41515486816887       12.62426102075454      H
       11.94100576593403        8.03043099380483       14.58859936873267      O
       13.41427823953537        7.19317735686958       13.81557233890921      H
       10.69894611141576        7.83910900022761       13.38774553335789      H
       12.08231464495820       13.14668540809993        6.72371348874424      O
       13.83123213952959       12.63519482548322        6.98766146310957      H
       11.18094283138830       11.72007748447553        7.46214203808606      H
        7.08165303826843       10.58738098046965        7.76106521591687      O
        6.68613618202896       11.80303749487384        9.06821825132333      H
        7.61394808564598       11.50098861263059        6.15858774081052      H
        7.77729310870152        6.73403298334002       10.92772271622097      O
        7.84815550221890        8.19624852026460        9.78058932601103      H
        6.95987811415952        5.58330540534665        9.66339779747645      H
       11.08509946325033       16.90771963098589       10.19476829865047      O
       12.50979937787295       17.79773434356274       11.03815302546624      H
       11.79681883284595       15.90508633319451        8.81446344760046      H
       14.51394490717142       12.76228763315561       14.54965402207875      O
       16.21230098503002       12.62880382428635       15.01024010949610      H
       13.82762230523169       11.13694420611233       14.83914301722018      H
       14.31231728266257        9.27173249418807        9.88439076097029      O
       13.82956224535661       10.23668980876294       11.34236449024588      H
       12.88933593545123        8.24384457655347        9.71576112605245      H
$end
