$coord
        9.93697286609896       14.45539380056604        9.99425846763618      O
        9.50379314727284       16.14075536504867       10.34333500257984      H
        9.89819440627635       13.66148291804133       11.66191490957821      H
       13.65833929083628        9.57261950680853       12.03124306935389      O
       15.14758112168355       10.63647690617389       12.34587340444204      H
       12.93357803694713       10.19024927779176       10.52464733816924      H
       14.86979051148233       10.85857770084019        6.60399175517606      O
       16.14891810722754        9.57811787303515        6.73159458136809      H
       13.30634761263459       10.18458625781095        5.88099094794736      H
       15.05764716877681       14.54069343135524       10.65068621377299      O
       13.21648482418131       14.91978682141528       10.64827369711624      H
       15.77040451067269       13.66747091154478        9.20615096754460      H
        8.96108187473627        7.12348125081232       14.42089156533080      O
        7.31735400082661        7.82843205845746       14.10975108971274      H
        9.91535546734467        7.03164354090154       12.95793551096763      H
        9.71031801555294       10.22065824231893        6.72309918357962      O
        8.59892170423681        9.62433725015242        7.98154493999286      H
       10.08947248457325       11.92437474663974        7.22930238340887      H
       10.26031665262010       12.06773894906927       14.74089830180628      O
       10.39739470090511       10.13523434523647       14.74429495348690      H
       11.89998265851082       12.37436981347365       14.21440530309225      H
        6.54374939249193       10.20389302148597       10.99664906822517      O
        5.19688595394325       10.65263767577916       10.10435377486873      H
        6.81681113725404       11.22058693293733       12.34704743452149      H
$end
