$coord
       11.30176824902852       12.95584464415815        5.58406036044547      O
       11.57358098728799       14.47473799887986        4.55462737466929      H
       12.78339380356443       12.83197153977208        6.67559667672160      H
       11.47591943971680        8.17547163301074        9.92027985064726      O
       11.11483786643537        9.95691922642722        9.94291458604823      H
       11.84509358670685        7.95503424250125        8.14678047504604      H
       13.34632756407693       14.25177857450363       14.23887675751267      O
       11.81303453688067       13.70240234983052       13.57895789861248      H
       14.23071531945811       12.81925271347463       14.90981156737039      H
        7.00123444715845        9.81060254275157        6.58294403351057      O
        8.67312345759436       10.37602899493987        6.03633750981789      H
        7.14514267427597        8.26524772274935        7.46322604812620      H
        9.39595591335758       12.64337037854479       10.78537567495884      O
        8.62634112457693       13.12880413986844        9.19302859893580      H
        8.08613456687888       11.78455576869078       11.71204076486475      H
        7.84222467805713        9.01774117593568       14.60186195211077      O
        9.57081643663681       10.01554098955813       14.69183101569339      H
        8.46739837869460        7.62749109651957       13.52158258825107      H
       13.37086876228994        9.05829982055481       14.99124948552657      O
       12.84836226536350        8.28107745029508       13.38394738400534      H
       14.24388816913391        7.65223675477176       15.81897938381257      H
       14.99844324453433       13.43356144025309        9.48903674117047      O
       13.94053995153895       14.20868928061301       10.65168731737650      H
       15.44249436152519       11.83290419705885       10.23861037647817      H
$end
