$coord
       12.48267680954516       17.11934925929696       11.99757090539112      O
       13.73091285336180       16.17232660491009       11.11576675295461      H
       11.97161353596459       16.42069165105466       13.57604855015951      H
       13.16838251929217        6.34520755367675       12.93608177340479      O
       13.30030877075822        7.50173117290211       11.44568766573940      H
       13.94834193384771        4.78989783718000       12.34627116070396      H
       14.12818519378727       12.10431880676330       10.02570393818248      O
       14.02268519190222       10.98379813176122       11.38524762293662      H
       12.45351263596793       12.75923906500461        9.87974193009507      H
        8.30523930303433       10.20811482216231        6.25846104030191      O
        8.43478781352931       11.19270391233666        7.75508393107596      H
        7.27511494833077       11.31100589914667        5.12987299374708      H
        8.50671757223921        9.15451123398768       12.28825272702355      O
        8.15138042145937        7.61137166616192       13.34899530269690      H
        9.47337938209593        8.54306794971892       10.92492586625820      H
        9.41969098756179       13.98849446645960        9.25376049671022      O
        8.35276084397139       13.31947149938184       10.49055806256496      H
       10.15969358647830       15.56439916024066        9.97134871500531      H
       11.16269997713978       12.69117050394013       15.07971116145689      O
       12.60536338415090       12.16728466988373       15.96283681045310      H
       10.50986246160586       11.24632352916392       14.08092914291918      H
       11.74338929910823        7.66043364946879        8.24202449071392      O
       12.82222710519200        8.88635597589262        7.71141755303991      H
       10.24523243928459        7.64429969191500        7.18905394927226      H
$end
