$coord
        5.82469703346509       14.06191056211718       10.25529488688851      O
        6.43228710054788       15.34617275376984        9.14262119243932      H
        6.53023904053860       14.25028245315921       11.91588338423399      H
       12.41621326508855        6.72350195904328       10.99103064449569      O
       11.18000262722107        7.32113967072599       12.26722111783322      H
       11.55496910126335        6.66951539843273        9.26397958630919      H
       12.72712838665818       10.30150749942477        5.72565658569510      O
       12.83052911729848       10.91777029372240        7.37087284550572      H
       10.95706035887156       10.19467910622477        5.08203335915693      H
       15.89506013279509       10.58895447126719       10.80118075410574      O
       14.67570922480298        9.19975522964462       10.23149436509824      H
       16.25387407143050       11.42938067705002        9.22317993525004      H
       12.72494225305084        9.93115935967120       14.74369026565478      O
       13.52036047095848        8.38699426205954       15.45470208762886      H
       14.04682617234330       10.77340926061626       13.76946203350591      H
       11.44871886265102       14.31946347498926        9.94330683779981      O
       13.22738040889727       14.70081646043213       10.38856321934375      H
       10.71597842749217       13.67910935905396       11.45112210290777      H
        9.28402680719071       13.53213747442036       14.37805730104004      O
       10.48154864227065       14.61800857842768       15.18621245290815      H
        9.93470649872457       11.86388422117561       14.93746144403517      H
        8.53603873564654        9.54632948422416        9.15383359211606      O
        9.07885941095943       11.18807875414376        9.63049966378672      H
        6.99930979912843        9.84098943782734        8.43067459692462      H
$end
