$coord
        9.10167241414107       14.92008253099691        6.44107758621691      O
       10.79177278650939       15.70906439061775        5.85077262848124      H
        8.66269507781261       15.65173811711707        8.02083662792161      H
       12.92277200432947        4.32874274767816       11.39232243923971      O
       11.39876738122240        4.63987447581764       10.32543769704735      H
       12.14685736142618        4.56293493096575       13.07854500406862      H
       10.74672142433806       17.63695905930198       11.48664792025524      O
       11.04018229786430       18.59976459619887       13.00039765866064      H
       12.41152181921830       16.82473184115599       11.09578909832937      H
       10.37219448280379        9.59572790160646        8.58655932164156      O
       10.14272228866978       11.14385742428467        7.63014827765798      H
       12.19202586679464        9.43271321592948        8.45005421459229      H
        8.23528105371685        6.68542414045008       12.33720493551186      O
        8.05231188567197        8.08909077947927       13.51249416759000      H
        8.01850431440162        7.28499933144324       10.52476188171395      H
        8.99666963963203       12.35382998822458       13.29093789875085      O
        7.47513728949587       13.07887513717017       12.72152307203302      H
        9.79707180699752       12.27058697047934       11.77839401387177      H
       14.07301284319702        9.85156810207382       13.14478402111390      O
       12.38044047437799       10.02565610366176       13.85279354025613      H
       14.14037520837651        8.09492127625221       12.46872978242928      H
       14.35388229285201       13.55071962321153        9.39949517328136      O
       14.47960439684913       12.52666364717340       11.03521904537874      H
       16.16352685876490       13.75502800142948        9.00848358450711      H
$end
