           1           2  0.871817315718973     
           1           3  0.858471988008967     
           4           5  0.879533545439916     
           4           6  0.810676111177102     
           7           8  0.835171820148538     
           7           9  0.855613451134954     
          10          11  0.771697120518259     
          10          12  0.880028883154567     
          13          14  0.865198307613658     
          13          15  0.843796258616172     
          16          17  0.865643337758111     
          16          18  0.866606628521461     
          19          20  0.786523044033663     
          19          21  0.881595131938140     
          11          22  0.109036230257327     
          22          23  0.845368483055755     
          22          24  0.835969512792934     
