$coord
       11.42491036979265       10.14170881755675        1.61460173918306      o
       10.86488902127077        8.42558987312511        1.64574350698488      h
       10.46150090997478       11.03905414564539        0.35221184466077      h
        5.26917308409403        0.54180083040734       15.99686148297349      o
        6.47862882619643        1.08154991125658       17.23320216555927      h
        5.81971149694678        0.71295964588422       14.29243593136547      h
       12.17953610841930        9.37795068416758        7.79554339260916      o
       13.73935251856707        8.70481954380191        7.24449117534961      h
       10.99121706567853        9.44843864116650        6.42987244149867      h
       17.21114900448529        3.25420117087166       15.26611879512592      o
        0.86192833756776        4.72022590290305       15.45531220701240      h
        0.67296394825082        1.85768029689169       16.08938041727028      h
        8.04639946465420       13.10225350918409       15.37786829875943      o
        6.66227467094068       12.09652600629315       16.02042493946807      h
        7.67454786156329       14.70586866289564       16.21361859517529      h
       13.96724291820777        4.36747233818282        1.78428485521731      o
       14.64416655854537        5.03351628833754        0.21988906359585      h
       15.41182890635872        4.35680781217099        2.86183563413341      h
        9.58121274424729        6.67636727040863       11.91211000507707      o
        7.83507788351375        6.86101018633077       11.48372844582433      h
       10.43071893234775        7.79473602525243       10.72588015618018      h
        9.15799538077985        4.85266143577465       17.26409120157399      o
       10.93616012902084        4.48830813029555        0.12854066068443      h
        8.93831690779159        4.46887180244084       15.48666160898176      h
$periodic 3
$lattice bohr
   17.38799669700000    0.00000000000000    0.00000000000000
    0.00000000000000   17.38799669700000    0.00000000000000
    0.00000000000000    0.00000000000000   17.38799669700000
$end
