$coord
       15.98833527051743       14.43642757906545        1.20032787812613      o
       15.87155321526484       16.25630266485504        1.26017037408040      h
       14.95530250302941       13.91281077005784        2.61400330930257      h
       12.27665579751553        0.01484205775400        4.16178083124796      o
       10.45885775115556       17.27967124880054        4.08163376247045      h
       12.57499484281351        1.80292451055639        4.40117185775725      h
       15.98537983816268        9.51198570340530       17.29684287953159      o
       16.50121831382750        8.29060287883380        1.19544040056600      h
       14.90737359627130       10.71654203020137        0.75675877323934      h
       11.19648272035729        4.69995935028386        7.11049720201569      o
       12.71337726920228        5.64309865494633        6.73345014956051      h
       11.39411278712985        4.05942622312394        8.80789923544667      h
        3.60763165043000        5.95067149175741        2.18378664221425      o
        3.67749041920853        7.42696987400475        1.07799447184034      h
        5.11805839454595        5.00195767007589        1.76030160967603      h
       15.53535169591772        4.16998914746706        2.16266530092171      o
       14.77956632341968        4.56330123306425        0.54284559603826      h
       17.32823690160845        3.93708475554296        2.04957975701551      h
        3.39194277011969        8.85712758490935       15.27733705655529      o
        3.63313013624429        8.45915131906517       13.52859669772432      h
        1.78841748528336        9.70311400978768       15.41595940920938      h
        8.99168456303294        4.41764585545901        2.49930459609145      o
        8.98408508550919        4.70193374719004        4.31647842680885      h
       10.34005948121764        5.52119236316081        1.88786123609845      h
$periodic 3
$lattice bohr
   17.38799669700000    0.00000000000000    0.00000000000000
    0.00000000000000   17.38799669700000    0.00000000000000
    0.00000000000000    0.00000000000000   17.38799669700000
$end
