$coord
       12.49389005221502        9.93316928806695        0.76964468220634      o
       10.81898677189147       10.68072047536034        0.64408151760135      h
       13.57887102730533       11.33261578264779        1.24342511180295      h
        5.31209761338591        0.56051830449879        0.76213625236952      o
        5.95702171281366        2.29528111606131        0.80058890758119      h
        5.35662211108424        0.08700437906839       16.39879963955436      h
       11.53186851252994        7.27890502478111        5.23708896060953      o
       11.93724109632065        6.37360658919873        3.68456237593421      h
       11.07396971374855        8.94970248643887        4.62479461604729      h
        1.24088353834691        2.72738735389613       16.61123336229447      o
        0.41287518823992        4.26313216360220       17.11542454404080      h
        1.09405778418207        1.38441866685780        0.53013384760803      h
        8.56052895574065       13.32694106556203        1.91941514169987      o
        6.79872195996912       13.56942329780796        1.48544945500435      h
        9.27803759145244       14.95610137830379        2.30637898908673      h
       16.15548273140991        6.46272328038940        1.90398905352159      o
       15.26967930447301        8.00834241254070        1.42014763018564      h
       15.50390125813582        6.17178825073028        3.61879822937450      h
        8.45511766980148        6.51880446212555        9.13685531129286      o
        9.55736226782850        7.91359186254861        8.83027732756453      h
        8.51185466847812        5.39242257255330        7.70197815914168      h
        6.10396117067174        5.18327891828018       15.84767495532812      o
        4.46330424733858        4.40107424440367       16.04018834380329      h
        6.34369194445795        5.17955891435835       14.03336028775524      h
$periodic 3
$lattice bohr
   17.38799669700000    0.00000000000000    0.00000000000000
    0.00000000000000   17.38799669700000    0.00000000000000
    0.00000000000000    0.00000000000000   17.38799669700000
$end
