$coord
       12.25244936031329       10.18672296385957        1.52744182920625      o
       12.25720114035570        8.76984511170202        2.65637090257634      h
       10.71542915644345       11.11156091447874        1.90591339564958      h
        5.62266716483678        9.90760752294620        0.81383466347086      o
        5.16673624726776        8.81482068798203       16.84368218714244      h
        4.19076389991979       10.14438409501303        1.91783449485149      h
       11.08397933427999        8.99487703432545       13.38142780232503      o
       12.57965746275865        7.99763954192728       13.28577771791086      h
       11.38545006211114       10.67262150368623       12.66236299998053      h
       15.49791375946555        5.02969235842871        3.04895921678983      o
       15.50986508771662        3.74895045031347        4.32837220136495      h
       13.70745844883895        5.25622131302863        2.66658964355716      h
        9.61965915141470        5.36373722169022        0.39016512332083      o
        9.47882458495244        4.50601975158072       16.16804374073058      h
        9.71134518425467        7.06883851298759       17.14699410402319      h
        0.33247243970248        9.73581087455491        2.62992007854596      o
       16.21982833594490       10.02295058028560        1.60789304114507      h
        0.30483096519597        8.07647210778200        3.36001582071256      h
       16.42483681680001       13.36458654221107       14.43715255992468      o
        0.43697898079613       12.27958313165011       14.80048006995627      h
       15.30613263235692       13.08671140021646       15.83067972776406      h
       16.51626513595348        7.46036106800107       15.62673912639927      o
       14.79373369116344        6.84360384883405       15.64418396941941      h
       17.23336113092712        6.71621090932533       17.13534436248792      h
$periodic 3
$lattice bohr
   17.38799669700000    0.00000000000000    0.00000000000000
    0.00000000000000   17.38799669700000    0.00000000000000
    0.00000000000000    0.00000000000000   17.38799669700000
$end
