$coord
        0.01219046258369       11.05963682661134       15.94375752065829      o
       17.20569787507190       10.94055249308804        0.35624859019143      h
        1.29604479420546        9.78789658819670       15.62074528524677      h
        4.71223271830857        7.67064625144299       17.15413635212881      o
        3.68635370211914        8.05196025627304        1.25173254917802      h
        3.75322465807365        6.32131038890614       16.39515345493128      h
        5.77814378008899       12.98436132463309        0.60313338276012      o
        7.09683016845995       13.79223578349411       17.05231280179789      h
        4.72909560545521       12.08566765435643       16.79187231072087      h
       13.72584048547894        5.06465619138389        4.94209487044405      o
       14.17270993676321        3.93581064905117        3.56699303242115      h
       13.35455967874640        6.65226510672189        4.11633691077866      h
       10.08853292020622        8.53264562531865       17.30677710901218      o
       10.23043887560461        8.55141223052429        1.73311638328044      h
        8.34692837064383        8.85365704547768       16.88877121609394      h
        0.37318115316132        7.21128764419181        2.43562760872325      o
        1.00193322886885        6.14364511380697        3.75475809581319      h
       16.65482246928445        6.42473987000912        1.21410834397547      h
        3.62806451240874       11.44913440219881       12.26613748413797      o
        1.98971642027773       12.19068572005065       12.18818713746060      h
        4.84485496670469       12.65439458927892       11.69190460406530      h
       14.21951129568276        5.82407200563119       16.19372656787066      o
       13.92587775212235        7.48135641805873       15.49518858001297      h
       12.51733241661611        5.19998202912713       16.42312265790176      h
$periodic 3
$lattice bohr
   17.38799669700000    0.00000000000000    0.00000000000000
    0.00000000000000   17.38799669700000    0.00000000000000
    0.00000000000000    0.00000000000000   17.38799669700000
$end
