$coord
       15.20093842419753       10.42268920550943       14.50172659996736      o
       13.41577117889626       10.21920782790244       14.17920004735043      h
       15.27779747821171       10.27849971958182       16.31342555440841      h
        2.54961676319958       13.25274562682810       15.27008087574866      o
        3.23316713414398       12.99836529336582       13.60732614384353      h
        0.72937343071569       13.11129755733172       14.96983504216771      h
        6.50419066879273       12.96192801745953        1.79213705699800      o
        5.84901469339570       13.41824291316754        0.16520937557736      h
        5.25133295380339       11.69694965540936        2.28754651890647      h
       17.03241096860285       17.14894018234875       17.06182820841468      o
       15.67321847509965        1.47644073520630       17.20735112928722      h
        1.23867048477105        0.42579270973139       16.33981048574243      h
       11.18223303637715       10.11623220464900        0.64110291010849      o
       11.20295990743696        8.83343634514677        1.89723112508820      h
        9.68597386234700       11.12303119019248        0.47602790384881      h
        1.99324969941590        6.82043141572980        0.28609866779000      o
        3.24340222436043        5.57674985181455       17.23528963421198      h
        1.22998715302441        6.04958056321349        1.73407250585573      h
        0.40870854113553       11.44713046683832        3.72384183061994      o
        0.30756762903403        9.85297455510350        2.82078758256895      h
        1.42128379630053       12.53097189559403        2.67969462154334      h
       14.92560890006030        5.03863434985108       16.26380895890170      o
       15.85161454940073        4.48637806441431       14.76874974700825      h
       15.86700503257217        6.60095550371362       16.52734950856190      h
$periodic 3
$lattice bohr
   17.38799669700000    0.00000000000000    0.00000000000000
    0.00000000000000   17.38799669700000    0.00000000000000
    0.00000000000000    0.00000000000000   17.38799669700000
$end
