$coord
       10.74282394625516       10.46650950636335        3.53801928756541      o
       10.06922758095458        8.85243967081661        3.05735801022124      h
        9.75911049523415       11.59386151673023        2.51019039217647      h
        9.62519331027087       16.15000626627232       15.15664714860005      o
        8.51873802993277        0.13758941627251       15.64423461771253      h
       10.51621753083734       16.93747805244545       13.76429553305614      h
       15.68272725694606        9.76868527254845        6.57664227124209      o
       14.70956832975691       11.23866309659134        6.26737303732526      h
        0.00518575008043       10.17214463080889        6.21262558283965      h
       13.11013441750571        0.62350274215883        2.06657911249566      o
       12.39077926043916        0.58650006128146        3.73558756529091      h
       12.15247334762590       16.75894338338113        1.12162819481819      h
        8.42423717038041       10.71440138668202       14.84213860558861      o
        6.94946825192727       11.74481776715711       14.62492830787208      h
        9.66157588773764       12.01663672390970       14.47115771609872      h
       13.88622645758053        6.38027727183951        1.81526648289215      o
       13.76188787415302        5.26773882313000        3.25195593776854      h
       14.20409709897526        8.07641535623660        2.44557994644973      h
        6.78854569665873       11.06718533302402        8.05826524422990      o
        7.93845253501085       11.91702033288753        6.91856286776311      h
        7.87253838822480       10.52994717379083        9.42166349373878      h
        8.73173527955170        4.18188504968516       17.35536313649200      o
       10.27083233158898        4.69177340703698        0.81837992060060      h
        8.56714825670651        5.64913740183580       16.27457514528155      h
$periodic 3
$lattice bohr
   17.38799669700000    0.00000000000000    0.00000000000000
    0.00000000000000   17.38799669700000    0.00000000000000
    0.00000000000000    0.00000000000000   17.38799669700000
$end
