$coord
       14.21836336523379       13.00391327521735        3.76160812009719      o
       14.56252345176588       12.60096938878934        2.02877584390076      h
       12.40998999710576       13.32851512660868        3.75641716746866      h
        8.77051004147699       14.60737476687267        2.40575863409506      o
        7.29640887199261       13.96546507094506        1.54120323291555      h
        9.14872138370689       16.20026229062092        1.63943618652437      h
        1.06132604998663       10.66096058375354        1.25573300111344      o
        0.79304217075749       10.61049315886396        3.06880107756580      h
       17.31375916093038        9.28434966266271        0.75969505618627      h
       13.42753565402252        3.19090821320576        5.46210200156758      o
       11.70076790451590        2.54207449861851        5.41579630986864      h
       14.14759766679017        2.81984018713452        7.09335286803521      h
        3.65991610040723        5.75776484346681        0.65075848817460      o
        4.09250099879589        6.01975803438280       16.28463635907779      h
        3.19030563640741        7.34247884660484        1.38177683157189      h
       15.30138960848925        6.38942352624931        1.66998309192744      o
       14.89372023106318        5.88733017710748        3.41653388255311      h
       15.61112250643721        4.84069426115016        0.80413016771558      h
        5.00096047102938       13.24011330005770       16.46225960506282      o
        3.17384057315189       13.19742533982455       16.46989516082483      h
        5.28674873178511       14.80587418005072       15.59286094639267      h
        8.63446538693553        2.85647264810449        3.08878125335960      o
        6.87337254338089        3.28757059886523        2.84223633843329      h
        9.31972187716591        3.76656368148581        1.68372846476333      h
$periodic 3
$lattice bohr
   17.38799669700000    0.00000000000000    0.00000000000000
    0.00000000000000   17.38799669700000    0.00000000000000
    0.00000000000000    0.00000000000000   17.38799669700000
$end
