$coord
       15.18303534268117       13.66387254757051       16.08176903572167      o
       16.37855720930273       12.49389857570747       15.35842769234623      h
       16.10455762261516       14.81593262314266       17.14676977640595      h
       15.80158404679097        0.05705711993244        3.18817667591330      o
       15.24218974511852        1.37907784382549        4.31373196767631      h
       16.97475713431462        0.77609778878567        1.99090305376000      h
       16.09257062547868        8.56771603792644        1.78853886979049      o
       16.27155964580814        9.85912204883026        3.03536942781938      h
       16.03427949215488        9.43454079229572        0.19678373661972      h
        6.67742068101108        4.19032978790161        2.01833519687885      o
        7.72406643700164        5.51502884103458        1.27061137490613      h
        7.61977095734134        3.64740750850463        3.44848895738550      h
        1.60091303543857        3.34093223317562        1.58147972236652      o
        2.12405641732471        5.09874872594768        1.55081630303194      h
        3.14082701183692        2.32893372280616        1.64110954080732      h
       15.46271446241198        4.98053814237579        5.90580310677485      o
       15.96294148246498        5.89279122955145        4.42753498547104      h
       16.96360458537890        3.98915840001201        6.29912640618579      h
        4.45835841679730       10.17170592664273        0.68274536167456      o
        5.68741688855111        8.96615508488656        0.15831442868537      h
        3.82824610955534        9.53117144001210        2.26836905791563      h
       11.10420477602746        7.18826937992523        3.26651342030416      o
       12.40115865287096        8.32937452584014        2.68528745281877      h
       12.05009914298754        6.20235018229983        4.49745495554840      h
$periodic 3
$lattice bohr
   17.38799669700000    0.00000000000000    0.00000000000000
    0.00000000000000   17.38799669700000    0.00000000000000
    0.00000000000000    0.00000000000000   17.38799669700000
$end
