$coord
       14.15114762156072       10.57914761650406       17.20259213046776      o
       15.52942607550450       10.49533748761881       16.02360893138532      h
       14.00824237919861       12.33625311399330        0.22137857977464      h
        3.24513104727966       11.46161751918996        0.63756922770267      o
        2.49205682995083       13.13884456576850        0.34537568457797      h
        3.00401516435569       11.39579812654926        2.47259655907715      h
       13.20066152207667       14.87560739363324        4.67127994462127      o
       14.38491481294021       16.13924307626818        4.16589046164946      h
       11.78582598844864       15.81950841458165        5.23880588047906      h
        1.46811823379274        0.91428533422882       17.06484978348774      o
        2.76072673897258        2.20402712560875        0.07924501247246      h
       17.29997412956797        1.82860124600686       17.13909726403954      h
        9.14627587161951       12.69171046788469        0.20737013466153      o
        7.41549636695124       12.42166204841441        0.59781627257433      h
        9.90019274025886       14.24782524857678        0.82054401058063      h
       13.46532461243334        4.78813947441959       16.18869126160892      o
       13.78282067869113        6.01610832517124        0.15038223694681      h
       14.03831873065094        5.72758175010607       14.72065335262944      h
        5.14523385459596        5.22922197168825       16.50500811691150      o
        6.85699835714726        4.58847125727826       16.68464133716197      h
        5.32793482987675        7.07110149085099       16.45420894065150      h
        9.73919775077655        8.41870553218652       14.08775109492718      o
        8.60559050928839        9.81503556514313       13.80191321326254      h
       10.83532248872692        9.22975380160751       15.33270125574127      h
$periodic 3
$lattice bohr
   17.38799669700000    0.00000000000000    0.00000000000000
    0.00000000000000   17.38799669700000    0.00000000000000
    0.00000000000000    0.00000000000000   17.38799669700000
$end
