$coord
       17.85204972188830      -34.68466730725133       10.69446992281966      O
       19.64291594547729      -34.53787846396811       10.35728560483474      H
       17.46733946282488      -36.46519866113161       10.54293754030613      H
       42.32522254780374      118.09970597021184      -24.84784072145703      O
       42.49752752670863      119.88888859089842      -25.11952424923293      H
       40.70563536756981      117.80155324665333      -24.08049251901615      H
      -60.27489048608270      -83.50220380628163       16.56465939419415      O
      -58.66984850463621      -82.64497269817362       16.73913573864359      H
      -61.11062303902665      -83.37809162932592       18.17062625494369      H
$end
