$coord
        5.73805333960331      -37.63421015624446       10.13799984354487      O
        5.29462749781418      -35.87782441337045       10.36051666958351      H
        7.55724907203850      -37.68103684492158        9.96454543959831      H
       51.71047074007770      133.48523825464807      -27.73228815876273      O
       50.11461999492513      134.22329226027921      -27.27681691402416      H
       51.46831934400886      131.68729329751247      -27.65774955958771      H
      -57.59495116181760      -95.93296112907231       20.10649332756034      O
      -56.97081332786020      -96.01835645812838       18.40104690346914      H
      -56.15014301524975      -95.75277814533055       21.20382321621076      H
$end
