$coord
        1.92972595850054        6.39547902132220        0.15424498783452      O
        1.89566846778646        7.94196847112413        1.19512792708239      H
        3.64689025218340        5.87896324387576        0.10426025434929      H
       13.33720812555022       22.23002726335098       -3.98330211784841      O
       13.01248471349811       20.64199078429994       -3.22899699479072      H
       15.08256062909759       22.34948560740684       -4.18589103749624      H
      -15.50232480462136      -28.52377001487288        6.26939904872648      O
      -15.58127533833805      -29.85922354322175        7.58433426372329      H
      -15.31910388408741      -29.31119437701695        4.67629807616829      H
$end
