$coord
        4.98565431606689      -11.68224095486388        4.29567849106259      O
        3.52274304385823      -10.68486876621554        4.65159644472616      H
        6.45338864409164      -10.68573204946757        4.76557282296590      H
       25.79265435364764       58.47460309276912      -11.62783210243077      O
       24.07058175931867       58.80490139422776      -11.23202421850432      H
       26.00575241389371       56.67693189838690      -11.41214710524858      H
      -30.76281901216259      -46.76768594706977        9.69357497456341      O
      -29.88188645095858      -46.86277537267547       11.29463652370499      H
      -31.44729132612547      -48.37355151126665        9.34017994562501      H
$end
