$coord
        1.43401946914270       -7.07011434376073        2.94366411147615      O
       -0.32007869451846       -6.68867998201594        2.89202995437880      H
        2.34015066917474       -5.58548595191045        2.30631850334500      H
       24.27599647319268       50.27459194431883       -9.72372256335470      O
       25.20187406857017       48.73219011612723       -9.48100595252075      H
       25.50126389152946       51.66904396745425       -9.72883676661787      H
      -25.84220917518203      -43.22484556220157        9.34070411232018      O
      -26.47234003153323      -44.51341936930335       10.41079635926350      H
      -25.16474345590279      -44.01806355257477        7.82104211387376      H
$end
