$coord
        3.14200599033609      -47.29284124857209       11.77505761746645      O
        2.60060407342237      -45.54875212329676       11.69735168952870      H
        4.88624925904616      -47.32610158959470       11.23983938657413      H
       57.20526705988576      150.28161234074878      -31.14248463361015      O
       58.40740042985507      148.95691206764425      -31.44033105698173      H
       57.99823332982739      151.88520728221476      -31.45229063653998      H
      -60.61694454770613     -103.24269658649385       21.90117438537327      O
      -60.67790771531091     -101.64644541135725       21.03780841314472      H
      -59.92888250588570     -102.98845346046808       23.56832306875603      H
$end
