$coord
       22.77046575091234      -35.34924581444039       11.35536375331742      O
       24.23188433646933      -34.30426421519644       11.01908921489097      H
       23.39238711389682      -37.05500574752047       11.54692313950755      H
       37.38929927763611      110.93454432950614      -23.52242468940608      O
       38.93677829309920      111.82157539579521      -23.85995680611752      H
       36.14235934762170      112.15221532198507      -23.04289638415565      H
      -60.42217360985185      -75.63806202906767       14.60896292373437      O
      -58.60788787276567      -75.73964041131836       14.51023823252303      H
      -60.92602668425005      -76.76098555618788       15.94677491782609      H
$end
