$coord
       19.84721960805802      -30.99460460181922       10.37163841113270      O
       18.54507122493281      -32.25794407457369       10.11920679399985      H
       19.10039625539098      -29.37049797605148       10.12045537488326      H
       27.02874719250263       84.79908016356086      -18.07217524086688      O
       28.24359302997870       86.07237386987444      -18.60106563560186      H
       25.71293597702795       85.64359342010172      -17.14978408091741      H
      -46.77015116037266      -53.87338010618787       10.24275567422331      O
      -47.15438631460229      -55.17946407641992       11.44698185839612      H
      -47.16948405964254      -54.53591949346145        8.57936799077344      H
$end
