$coord
        4.26310363871759        8.42830948842585       -0.23171523919740      O
        6.14410481234010        8.24488829412175        0.01432210509122      H
        3.46423762030836        7.82907323155593        1.20717762096398      H
        7.43225375738126       12.46472912024922       -1.80067546411433      O
        8.47536779152132       13.07051901217321       -3.08917078980938      H
        6.47556032480956       10.89089301268355       -2.40113735462540      H
      -11.79106341421798      -20.74665405777895        4.48005703225408      O
      -10.72006654541852      -21.54553922439869        5.75006060749260      H
      -13.33685127907099      -21.56219006790120        4.54669409485607      H
$end
