$coord
       26.88225194271969      -37.38542837682668       12.28979451241802      O
       28.65001421824806      -37.68654884198565       11.91394947097042      H
       26.12608486794643      -38.96084491581260       12.79004692375692      H
       32.56724960537166      104.60748560561338      -22.42392266058161      O
       33.34468562618184      106.24430566468577      -22.55935934414007      H
       30.89568485753119      104.83199008444970      -21.74656187760471      H
      -59.55798840731147      -67.34074229472178       12.53189799237763      O
      -58.43738950978813      -65.97218889011913       12.10649270201520      H
      -59.87224148364031      -67.28811271132670       14.32169247222741      H
$end
