$coord
       11.81875204937266      -34.51547105867041       10.03883643552416      O
       12.51730942737873      -32.85365079140140        9.74041105238430      H
       13.15456631278581      -35.74074914644051        9.85504535242405      H
       47.57679422766638      126.31222916239646      -26.29471262533449      O
       47.71386325924063      124.51854312235211      -26.02892165059286      H
       49.19012147756403      126.84717325845250      -26.94180067924843      H
      -59.74973875782358      -91.76872594475643       18.89190815727397      O
      -59.87922829510200      -91.68018846328921       17.07761736934301      H
      -58.05864987486013      -92.26991587975972       19.31185671594608      H
$end
