$coord
        0.38631052049261        2.20149676462634        0.61312366262309      O
       -1.11128726469396        2.48458377890227        1.52160037331215      H
        1.58939032821124        3.59152890269195        0.96335996341518      H
       17.75452542127413       31.08452277095689       -5.69513762230022      O
       18.62051944261688       32.69832775417240       -5.41591576831086      H
       16.44901691308759       31.02859550145356       -4.48238340105133      H
      -18.16580856989011      -33.41170336769501        7.36616744343508      O
      -17.31663755511513      -33.39417096629510        8.94524403233995      H
      -18.86034128752467      -35.12828848702052        7.11214930399155      H
$end
