$coord
        3.97230913187307        2.93319434451306        0.41871767517791      O
        5.23887226562297        1.95767162274630        1.17993840160770      H
        2.91043210150907        1.71967688867219       -0.66560971939160      H
        3.37626257740846        9.27113691992382       -0.76071887399203      O
        4.66567595238289        8.44035495153096        0.31731001456454      H
        4.24903226617079       10.01502751478191       -2.31313312748546      H
       -7.47898627032338      -12.14515315047493        2.79440052038621      O
       -6.80739433920685      -11.36076395970476        4.37746340288877      H
       -9.19894948958533      -12.44907166365224        3.05625224621839      H
$end
