$coord
        2.35534723896342      -42.57610325766676       10.89095499709672      O
        0.94412473920361      -41.44505375310433       11.12972329901194      H
        3.80737790916304      -41.58789817850602       10.39608031843704      H
       55.04753181217676      142.14092531354638      -29.47124332345786      O
       56.72252943056537      141.93197856387155      -30.13602934674062      H
       54.70619712620369      143.92199350534852      -29.36120315151443      H
      -57.60310077602280      -99.90645142896794       21.17348875482520      O
      -58.06407123488416      -98.66507555938703       19.92819442723799      H
      -55.94161613275117      -99.42036794356957       21.74272174962535      H
$end
