$coord
       28.21752460365429      -38.99246811429141       12.91753841316914      O
       29.48690050772514      -40.17881323466995       12.37619107500956      H
       26.74944300430156      -39.98273278343190       13.38796210448053      H
       28.63066967903940       98.78654847366072      -21.31498816862300      O
       30.10887069810052       99.75676475761399      -21.70259922538590      H
       27.26003015151471       99.95939121859266      -21.05789782249366      H
      -56.93190833894302      -59.93571725566882       10.97296427803832      O
      -57.80006141327276      -59.14375614188180        9.59081195854190      H
      -55.49469447762070      -58.87503779867615       11.38798317544788      H
$end
