$coord
       25.22755327493330      -36.82485663282936       12.23390957790112      O
       26.22047146329200      -38.21455255875023       11.58244850321316      H
       23.53039339442457      -37.46930522202171       12.40021885013488      H
       26.72369499127966       91.70996347308423      -19.77050089648634      O
       26.58068651816115       93.51050046207541      -19.86362323613501      H
       25.07642939179399       91.04642746550299      -19.43449459062702      H
      -51.93485134104381      -54.97292437042744       10.03919582968108      O
      -51.61601725964945      -53.63845873947042        8.86838689741112      H
      -51.08319116592610      -54.55987322098730       11.59603163813080      H
$end
