$coord
       10.10788750741910      -16.82173113969066        6.07644842860481      O
        9.32274758070404      -15.17422919383912        5.98066970938296      H
       11.81848165028940      -16.67267249049089        5.48335773453016      H
       26.48349600015635       66.73917182270850      -13.58047538679711      O
       24.80726347892966       67.28356051922144      -13.08422271901659      H
       26.35218696349947       64.97738278375081      -14.04248924870974      H
      -36.69787918433106      -49.99461685023638        9.98326740168783      O
      -35.22779682883027      -49.03417233089392        9.63179770706022      H
      -36.39790200262565      -50.87538657620073       11.55366605699509      H
$end
