$coord
        0.28271275931774       -2.83199881005796        1.73878698803905      O
       -0.56677298843191       -4.43486487993411        2.15224544602814      H
       -0.52538434010163       -1.53943473751849        2.69350491789948      H
       21.22715174510077       40.93801026105679       -7.66597401730484      O
       21.17900191035033       39.13845086216343       -7.64527465424961      H
       22.91728362587433       41.47492679193335       -7.59522429154737      H
      -21.64375590957156      -37.99553828148279        8.42060081758092      O
      -21.99356337941141      -39.01978665748051        6.90591965591511      H
      -19.89726863460655      -38.11708638899508        8.78484308335725      H
$end
