$coord
       15.78061248530206      -22.60292695176500        7.96182709259955      O
       16.28422509853156      -20.88861170701955        8.40440407608753      H
       17.27812011954962      -23.50741085484054        7.50071124039577      H
       26.76918192024248       75.13913632892874      -15.70816381738669      O
       25.33456443218793       75.90816017763254      -14.92182538859286      H
       26.83831793413108       73.42764879481210      -15.18336607154181      H
      -42.54963976123796      -52.60246540913400       10.25364370575102      O
      -44.27609880826199      -53.21297442444119       10.37338850364996      H
      -42.49048960569527      -51.39704494021359        8.90041898258692      H
$end
