   -0.61019019
    0.27737210
    0.32753498
   -0.62294217
    0.32631085
    0.33145593
   -0.63770278
    0.34254786
    0.27666415
   -0.67567639
    0.33419044
    0.32877712
   -0.67303259
    0.33813187
    0.31703010
   -0.63569139
    0.32161354
    0.31444022
   -0.63120932
    0.33775174
    0.27745711
   -0.65446326
    0.32092415
    0.32884759
   -0.60634654
    0.28545724
    0.33610582
   -0.62914568
    0.32021492
    0.31189868
   -0.62874224
    0.32441091
    0.31879942
   -0.62796490
    0.32699084
    0.30818991
   -0.66107869
    0.33044206
    0.33055097
   -0.67483250
    0.33461383
    0.32764580
   -0.65691583
    0.32685855
    0.32678858
   -0.62660814
    0.32876953
    0.31606402
   -0.63308517
    0.34272751
    0.28186074
   -0.62768342
    0.31429404
    0.31110593
   -0.62601314
    0.27942807
    0.33726293
   -0.61943990
    0.31032347
    0.32691075
