$coord
        1.59607633026287       -1.51633604389590       -4.00095878227704      O
        2.94607171112371       -2.68113472014155       -4.58262694440061      H
        1.23713748633904       -1.96468798137369       -2.31637117087767      H
       -7.78116812325715       -2.63891192038422        1.71901681885234      O
       -9.69032410520970       -2.39295547157257        1.71283585038729      H
       -7.22599922058756       -1.58476576768725        0.31526095958965      H
       -3.69953158701311       -0.85595996777320        4.50753172549731      O
       -5.24163236164506       -1.83824398238168        4.43973150333417      H
       -3.36084687939334       -0.64265045604654        2.69832525371416      H
       -3.63409748830834       -2.53836134807580       -5.38666784873870      O
       -1.86261538001430       -2.38737910200875       -4.99632186193788      H
       -4.33842470911389       -2.00748782281088       -3.64248237396575      H
       -3.66846569946481        0.61464751413006       -0.80516364591443      O
       -1.78240905427089        0.66984742667652       -0.77103184266196      H
       -4.27043188118536        2.29285071069953       -1.35076625231162      H
        0.33261208541752       -2.01691300823652        6.78953215756422      O
       -1.24989248337958       -1.84868503698390        5.78268234579050      H
        0.55638480650246       -0.66024708686178        8.13000392718656      H
       -4.01286211422978        2.94513966510902       -7.41183151587916      O
       -3.19931390461538        2.70554985981710       -9.02120864425099      H
       -4.07297866069807        1.27621115075445       -6.76856975523061      H
       -5.95030325863145        4.61025002071518       -2.72528655219948      O
       -6.62534757424079        4.52353408164915       -4.28212294434851      H
       -4.85924483131897        6.07272984155234       -3.00633831247828      H
        1.76887869896059        4.47185652758080        4.97142648067076      O
        0.52776187739938        5.91422977753026        4.59271542005958      H
        1.59514137600814        3.26210014772954        3.66761296435441      H
        0.53188660744082        0.65831109445693       -9.36631041635192      O
        0.48483508817401        0.51779035047326       -7.42340293632182      H
        1.63459628634570       -0.86193453099035       -9.70695244846210      H
        0.72963151792801       -3.90113756229591        0.64010903473921      O
       -0.06789500926305       -4.97627781161196        1.94822129621731      H
        2.49138213450079       -4.34152355760081        0.89422758286926      H
       -0.49445179855376       -6.85551253857833        4.41524774953148      O
       -2.20448451867948       -6.50230384070884        4.59500787650744      H
        0.36104038892525       -5.73768350870068        5.51442113533647      H
        1.96682406139218        3.80476509472610       -3.15825071844174      O
        2.19285995212975        3.30558501066789       -4.90771935621526      H
        2.78744942453059        2.55636994744071       -2.21607648564254      H
        2.48544892332488        0.63316453512245        1.50984761590227      O
        1.46579039424104       -0.97378684907410        1.31489128480109      H
        4.03437926969646       -0.04791600546132        2.25816139421383      H
        5.42281782662703       -2.11114960102021        5.18739537553451      O
        3.64178473670253       -1.71334995619855        5.40227026911503      H
        6.34619407785785       -0.63662327830362        5.56106025203873      H
       -1.63300565847612        7.20984152873489       -3.34491399844976      O
       -0.50562910179872        5.70760811022354       -3.35573626261198      H
       -1.41785821880267        8.09685763914867       -4.90895556932822      H
       -0.14620716821748        8.38221512414352        1.29626544387494      O
       -1.25364218531869        7.90261415666434       -0.03601999496135      H
        1.51647720109100        8.22845403757303        0.75547675430354      H
        7.16212031992052        3.04878967854244        5.47214881487367      O
        5.51220270688499        3.89638845384167        5.81244957882820      H
        8.43709096465744        3.66517743310158        6.55324086966077      H
        5.06623008594073       -4.93032961361224       -4.53080925363539      O
        6.51026283094499       -3.93467113626569       -4.90154600557827      H
        5.20067950799495       -5.28107967644470       -2.81904555920457      H
        5.84795061520974       -5.71567842566932        1.40497437443375      O
        5.44860509360757       -7.38704652448274        2.17301208177570      H
        5.67238097432999       -4.58806134400313        2.86649233629002      H
$end
