$coord
        2.06131184711224       -1.54102167831521       -5.62685792298860      O
        1.11889748639070       -2.52050829511312       -4.43287754677476      H
        0.92678781253863       -0.99421373295291       -6.92612516201507      H
       -6.47534117965692        3.57181260066432        0.19986037219453      O
       -5.66874742410726        3.99186601558942       -1.47220670161699      H
       -8.26804763913157        4.14175719244226        0.26611448163525      H
       -2.54775184699250        0.94128492860182        3.82474635948007      O
       -3.65945479865547       -0.11204399361706        2.86606960176457      H
       -1.91049132149161        2.02709247094198        2.62446890448218      H
       -4.66252358831092       -1.29873035327391       -1.26477849685906      O
       -5.82789554517760       -0.45810839553365       -0.14637983480087      H
       -5.56450774880327       -1.33507974788383       -2.93434868184452      H
       -0.51068624325137        2.12286986997873       -1.73447117703237      O
       -1.65082143608654        0.84761573794959       -1.40848434145031      H
        1.19128079190084        1.35372794295804       -1.30902315543848      H
       -0.65736537168207       -3.45037679743068        7.87689179079416      O
       -1.88707989675226       -2.17086924332196        8.12452801792528      H
        0.87924801306079       -2.68369860098980        8.08032140787923      H
       -7.04541692854830        4.24605352629339       -4.98981973709564      O
       -6.60387250420044        5.85135081362782       -5.64370777591687      H
       -5.78063017747677        3.04268956851345       -5.62570561941618      H
       -8.07345436780031       -0.81136869255016       -5.39004884193061      O
       -9.19195040718057        0.64259423805110       -4.88647004445022      H
       -9.03150823894140       -2.28432884764661       -5.89933560167862      H
        2.29979104828693        2.87480626866775        4.37532831833225      O
        1.38280784580827        1.37750956077592        4.31045600109355      H
        1.19811793326906        4.16640690457410        4.07130024110814      H
       -2.50906672681228        1.33831669274102       -6.61059526453513      O
       -1.74113501897133        1.95352008840934       -5.15887273144648      H
       -2.12739138967541        2.51162240578983       -8.05448174662955      H
        0.07866807332443       -3.17388806448348       -0.96180145568037      O
       -1.74161977351573       -3.10465059052525       -0.92725825408792      H
        0.37302056328796       -4.35623714813461        0.55272553387988      H
        1.71103541553745       -5.43453203658301        3.35451223928251      O
        0.68249174209755       -5.07929390676539        4.87763099649145      H
        3.15375913829996       -4.26671437883264        3.56976671835273      H
        3.74754966219437        3.53061756353077       -5.00888491204603      O
        3.64717059259434        1.75966471528584       -5.79089391825968      H
        4.31471617025280        2.93231116402494       -3.35611626341606      H
        4.99229654260513        1.74276398025454       -0.31758712619885      O
        4.62012756087521        1.95872623381004        1.51008538006763      H
        5.39682269938630       -0.04726498417475       -0.51243707422360      H
        5.65615421765723       -2.31397656777112        5.16937161927119      O
        5.11202732835372       -0.73742512832115        5.90624549704392      H
        6.34866950632877       -2.00464770649700        3.55420595213870      H
       -0.17960770849551        6.59093867725081       -5.16989676198789      O
        1.28270699129092        5.41299373234026       -5.00211390399028      H
        0.49057850460510        8.23164886729562       -5.42106944127427      H
       -0.99620580433700        5.67414787934195        2.04543054028588      O
       -1.06851183885940        4.90354194448259        0.26146173598776      H
       -2.61553521345941        6.04325598335166        2.69818515080942      H
        2.70119511365585       -0.01548973670957        8.76987909453557      O
        2.93030304712433        1.40685706237623        7.71358465396499      H
        2.93519187920873        0.34528608629164       10.44578637001897      H
        5.36065428073221       -3.07006521784679       -1.07899257898646      O
        6.10562110675739       -4.73709183932931       -0.82512349061002      H
        3.66013958756218       -3.53502426499352       -1.34641982225379      H
        7.55652773360225       -8.28212881917601       -0.20986350469257      O
        7.93665409588167       -8.82532341586145        1.37464813286027      H
        6.14588569578087       -9.13963784729307       -0.85920143147019      H
$end
