           1           2  0.91886759562287845     
           1           3  0.83765596888225002     
           4           5  0.85880578972903543     
           4           6  0.86299988001025252     
           4           8  0.10002403446475552     
           7           8  0.78043453324459022     
           7           9  0.91496204729319552     
          10          11  0.80380139426138819     
          10          12  0.81382754367774801     
          13          14  0.80172599176068615     
          13          15  0.83932935661832131     
          16          17  0.85386826076089772     
          16          18  0.87323847907587571     
          19          20  0.79710306790535845     
          19          21  0.91576692786749858     
          22          23  0.85382601765052057     
          22          24  0.83092618696991494     
          25          26  0.91442681229383871     
          25          27  0.84601317779725793     
          28          29  0.85764504971038935     
          28          30  0.86962421726937567     
          31          32  0.84774739336418314     
          31          33  0.86439180392959092     
          34          35  0.84348427340874432     
          34          36  0.89334869832296793     
          37          38  0.81347187930574683     
          37          39  0.83380706275978667     
          40          41  0.81134466395493854     
          40          42  0.80781596067113537     
          43          44  0.83064121478425701     
          43          45  0.82874937027931694     
          46          47  0.84808561930502546     
          46          48  0.86196736459133516     
          49          50  0.77878743128697814     
          49          51  0.91530785869640419     
          52          53  0.86603337897950405     
          52          54  0.87005829951003877     
          55          56  0.91452120388751190     
          55          57  0.81365426392518791     
          58          59  0.88680806451473182     
          58          60  0.85530756785333106     
