$coord
        0.13868853494019       17.36556916052185       14.12277597316197      o
        8.18944892845403        3.58312205833002        0.31755129523288      h
       15.84313800509528        6.04023361349718        3.43607722761537      h
       16.77159614041200       16.73262806030658       10.38972494217446      o
        8.70060605494422       10.14180560038840        5.63879372077535      h
        1.58541234649711        0.01849601003498       14.18778838109202      h
        4.57781305408915        9.30743316590432        6.98566597331487      o
        7.91061290654903       11.66980925722469       15.59295520983136      h
       12.18678633266771        6.37673534338029        8.67432090382314      h
        6.39437069176712        9.33465200422290        2.40152498710652      o
       14.85846635295155        2.96145590073891        7.16571396848571      h
        3.20681197600751       13.58792771642866        8.12808549446587      h
       11.69872648483835       16.60276913016529       14.85081649468189      o
        1.51828934100685        4.03269681159399        5.36068611124688      h
        7.89451438346573       11.47721411078596        2.23362497902466      h
       12.12697396838859        1.04719375167574       17.38529275756503      o
        8.23802791756049       16.14984727749181        9.23599572239335      h
        8.11295490162079        3.79720608255865        4.60674600999568      h
       13.76669708374246       14.83249025004454       17.07427325438826      o
        9.65713489896000       13.38047452081742       15.16973547921930      h
        6.45832493303847        7.02630328479920        3.99349902470139      h
        1.40192867719986       10.67004296991012       16.19707420692835      o
        8.62528206222778        3.18642561637075        9.94509399927941      h
        8.37754923779779        8.53150592123546       13.37692279690167      h
$periodic 3
$lattice bohr
   17.38799669700000    0.00000000000000    0.00000000000000
    0.00000000000000   17.38799669700000    0.00000000000000
    0.00000000000000    0.00000000000000   17.38799669700000
$end
