$coord
        6.76291530191732       16.13947669648526        0.53145493137970      o
       12.66550698208250       13.32720648644482       13.31545501753245      h
        7.76596797072926        4.89397453498686        8.92984509674445      h
       15.42525557491305       13.33174500472427       16.20978588258292      o
        8.03000087768380        4.72043884877683        8.46110042494364      h
        0.87863863318049        1.27554411435964       13.33360749873366      h
        1.17377997497459        5.04406478317318        8.76672532837302      o
       12.78210470354145        6.57412398528292        1.80980556503679      h
       12.62585371101944       16.90290257274413       10.01562124018788      h
       10.39946170922186        5.02150091481872        2.52703075852787      o
       15.53790544374372       13.82790027342550       12.86905040984559      h
        8.48975370784666        7.12143603577227       11.16640888143819      h
        8.75106952888995        4.67044004218511       12.54472118877529      o
        3.41459278198353       17.09702129430756        9.39875998305476      h
        5.47440725751296        1.36853398384611        6.83487664122713      h
       10.77240577505449        0.93243446874789        0.56667257914403      o
        6.11239378879873       10.58134486698194        7.31704598342455      h
       16.99356821210077        5.25158695763182        4.71990094208822      h
       13.26772487892392       16.48502180999339       16.88478790454822      o
        7.87769134647125        2.00074307998956       14.41278367740244      h
       14.36846445956790       14.52109716586049        3.99326844121913      h
        2.67907896428359       12.07954840677729       17.06935509936665      o
        9.45524976985070        1.98797188906396        7.19148159703696      h
        3.37829921115563        7.76338423870349       17.05871707095411      h
$periodic 3
$lattice bohr
   17.38799669700000    0.00000000000000    0.00000000000000
    0.00000000000000   17.38799669700000    0.00000000000000
    0.00000000000000    0.00000000000000   17.38799669700000
$end
