$coord
        1.29028964323240       14.37345492848051       14.42896155271682      o
        0.87193874075660       15.39995368405762       12.08522935382231      h
        9.47307255720954        4.51403839471398        4.00050254940846      h
        2.31436287859087       16.20696534940335        3.45007452665605      o
        6.67332649729450        0.20118626566441        7.95015293458999      h
        7.18681578292222        9.40230811067981       12.60164015638217      h
        4.05123796384546       13.21050092222761        9.72597851575594      o
       11.98663848253385       13.10953874216394       12.34323492495624      h
        1.26533650426526       12.58073506227747        9.44237680526873      h
        7.22215586820619       16.03751456376865       12.92458546908825      o
       14.76828563040320       13.66421691014763        4.17718449519510      h
        6.54941072027666       16.61502681773668       12.57304875392073      h
        4.83086123612488        3.40320246230668       16.35636578365281      o
       14.74923449257179        8.15590524562943       16.45683599633370      h
        3.85011773412732        1.96771199126253       13.88240389710186      h
        6.14404996854842       12.94000325867397        6.04926448667280      o
       13.05197700297268       17.26519336822505       15.42029922797447      h
       11.94572792595478        9.87591481786114       10.68290262047769      h
        9.19110702480686       16.65814480901004        5.56118734508280      o
       11.69000424952923        4.52054839196532        9.68519084545867      h
        2.72418914046719        6.80070885267958        6.98962905110747      h
        7.98812233798020        4.14232706031573       13.69435404482437      o
        9.35218942567410        2.40888895534901       15.22781231672364      h
        4.20939683253552        2.96596691979409       13.02540479514539      h
$periodic 3
$lattice bohr
   17.38799669700000    0.00000000000000    0.00000000000000
    0.00000000000000   17.38799669700000    0.00000000000000
    0.00000000000000    0.00000000000000   17.38799669700000
$end
