$coord
        5.76054709661247       11.93502465841779       17.05436391928527      o
        9.33949646189517        2.87065716287218        1.30270232552350      h
       11.44388306611971       14.61419716220152       13.60278682206548      h
        8.19493701650728       12.12071424913831        5.35760156110713      o
        6.62425122569241        5.62371598260312       11.35399713234418      h
       16.32764941993592        6.59760751771992        0.29215397252321      h
        4.58985002944030       17.10098268426676       17.34694780732969      o
       10.04142895744785        7.47748064952571       13.23554689132599      h
        8.28649744830365        6.81320515885920        0.85343601438423      h
        2.22384299716719       16.48484880608665       14.31987619703250      o
       15.85078690656386        8.19035942507178        0.58978034413484      h
        9.51726555325888        3.76478539743209        6.51750532331760      h
        5.18719767900168       11.42851509650037       13.56504493836658      o
        7.30960290921172       13.64398629935491        2.07298200148656      h
       10.73566888608276       13.15603895281561        1.59126988398930      h
        3.26448977691869       15.06572722843448        8.87558167011969      o
        5.44225663151263        6.63340910162690       10.12350622711793      h
        8.84317686163075       11.99552593443266        9.01938648462678      h
       12.16061088113198       14.41151729862010        7.45946355322667      o
        5.13563271460326       15.19112479500966        3.25486732265297      h
        8.42745753535197        9.15400629076220        1.76493555237915      h
        4.64677779635743        5.49302931934112        3.33570719919401      o
        4.02757552191180        4.54669444049775        3.23512129690696      h
       14.61173967796312        0.41529882689126       15.73518377115138      h
$periodic 3
$lattice bohr
   17.38799669700000    0.00000000000000    0.00000000000000
    0.00000000000000   17.38799669700000    0.00000000000000
    0.00000000000000    0.00000000000000   17.38799669700000
$end
