$coord
       17.14875580306901       15.15842426993360        1.92728289479524      o
       14.50226979025049       10.71801466943874       15.74918627839658      h
       12.82221173810308        4.35865830965338        0.87382287958376      h
        0.44922346970495        6.88230984844108       16.56351254631728      o
       10.22396644208345       11.18118717887226       15.95847951043676      h
        1.43306578790673       12.51885037953097       13.73587031187334      h
        1.18428431808417        1.75041466677816        6.59380403368269      o
       11.77516416532628        8.26477845345711        6.13731391988389      h
        4.01269596116434        9.97226557242854        5.48740223641764      h
       10.56235122972151        8.09911524127545       12.45059276645757      o
       11.11276564940529       16.70156546423536       15.90724934875465      h
        3.17130042085952       15.45149874398430       15.04149002032783      h
        1.05094720482790        5.60116426127049        0.24401878818645      o
       11.81507337802502        7.26923373785033        0.00993330552798      h
        2.78424094905555        1.22573289319441       11.54354973353956      h
        5.83616604810507       15.24682130707707       13.77286732984404      o
       12.07146311379803        2.29048954954765        8.91028573863385      h
        9.20656332641469        2.27040302016413        7.44486990014125      h
        0.00380136811406        8.14896725748368       16.04296565606389      o
        3.28196644818570        5.24290037251396        3.45686776478516      h
       16.47008989999520        9.13377488540770        2.67281092429575      h
        8.14095487002811       16.88050503882669       16.00815667902106      o
        0.81087431100199        5.42709919641209       15.70647356775414      h
        0.73398875383149       11.71697931530955       15.27917852537747      h
$periodic 3
$lattice bohr
   17.38799669700000    0.00000000000000    0.00000000000000
    0.00000000000000   17.38799669700000    0.00000000000000
    0.00000000000000    0.00000000000000   17.38799669700000
$end
