$coord
        6.59750393526561       14.15695491409236        6.75523461594465      o
       14.88530069385281        7.68151439151094        6.15238259878875      h
        5.25627451205481        6.07348518693545       16.54059402119051      h
       14.51410097741988       11.09524866793111        2.23604581332944      o
        4.24429429489938       14.93714713662300        9.19957171418684      h
        7.23440373464348        1.44291294280807       16.49167487233870      h
       16.83304964418268        2.53117999392922       10.38620300841892      o
        6.78291043780056       17.37877546573495        0.73221876698407      h
       10.13981613873580       11.62374913436713       14.08359881865881      h
       13.03265678741856        0.90643787496896        1.04361480931495      o
       16.04219321564407        5.89742734453133        1.78119869096178      h
        3.66929061259811        1.44532587741541       15.28982514010322      h
        9.12216458547510        9.65827872864149       10.40681099266449      o
       13.18230883086621       13.74735290684771        9.96532939886823      h
       15.59975343148851        6.99367777496631       13.66356107306772      h
       10.01268206242743        1.89794648586935       16.95159802099421      o
        0.29263074534804        1.73619460521191        9.01931289388232      h
        6.21876693414445        9.09808136311532        4.58194222426655      h
       14.73158960036048        1.05672663623169       15.97374443423410      o
        6.90537349338240        2.22650419255539        1.03635493634329      h
       12.54141241805999        4.17309752611972       15.46080850102961      h
        4.20118067741709       10.52233756010967        4.54926463564329      o
        6.75365081062922       16.90106609832241        1.11336364312613      h
       12.07561732233012       10.16223210486572        2.77459365749413      h
$periodic 3
$lattice bohr
   17.38799669700000    0.00000000000000    0.00000000000000
    0.00000000000000   17.38799669700000    0.00000000000000
    0.00000000000000    0.00000000000000   17.38799669700000
$end
