$coord
        5.39021616976746       11.92788387813026       14.04328447804908      o
       12.92488434625285        1.88073082057816       16.98859933665727      h
        5.52777524665812        9.38064131068474        9.38476207182054      h
       14.20572709626455        9.96597292471164        6.04691744183381      o
       11.73635918213687        0.45179760335614       10.69697021630055      h
        1.56259014085871       15.62504785508506        0.97471709041073      h
       16.14308291804717        2.57883541717666       11.31739276415654      o
        0.72076453493069       12.32560095046440       11.66791381782159      h
       17.37927165846976        8.64177030170667        4.56192810379713      h
       15.28719541666235       14.68913145374433       15.78316200211136      o
        1.16030088643089       16.75326658726638        7.99321475835634      h
        1.94368518374140        9.52760358550214       17.15626127021494      h
       10.31974482837246       14.51792226106696        8.58114060520155      o
        7.65064006765933       12.09127952245509        2.74615762683719      h
        4.81589362534713       13.18380020468119        5.44260575205653      h
        8.71530289273159        0.91457911319837       15.25963982948456      o
       12.42605845254409        8.23517518632651       11.72838684906078      h
        8.84981886385656        6.95311613403912        7.10850741396398      h
       16.49374737591517        2.31276354616460       14.62049288228563      o
        5.97771537538026        2.06494043940663       12.06883056945494      h
       14.35364894978759       12.35839193309875       11.64518309090384      h
        5.77336983677426        8.59623740025277       10.09047293991704      o
        2.20540467817679       13.88713813988318       17.33232177584207      h
       14.83180151563904       12.73654749591409        3.44408126811898      h
$periodic 3
$lattice bohr
   17.38799669700000    0.00000000000000    0.00000000000000
    0.00000000000000   17.38799669700000    0.00000000000000
    0.00000000000000    0.00000000000000   17.38799669700000
$end
