$coord
        5.28936137878190       10.13916517122443        7.36072289802557      o
        1.14027748699572        9.36047622717984        3.02475815575933      h
        6.52586885417570       13.90370741102917        4.24950235937099      h
        3.74995046302730        0.10677866714416       14.24543745048757      o
       13.72402551553472        1.95642408239647        1.33219114493999      h
        9.90703117355688       15.77645391463991       15.07088576451795      h
       14.80206218042984        9.31678988238711       13.00607381236497      o
       14.94608428554269       12.45444434669247        6.09693930677756      h
        6.47933545638334       15.84758350998442        5.71042555025220      h
       12.13686258770037       15.80569219962953        7.29515299525466      o
       14.50103273113432        4.93773504996134       15.87234742461037      h
        5.79046942206191        6.95256757970308        5.48360243809529      h
        8.08382890817790        1.97562362928023        6.79805330932060      o
       14.48820285514386        8.46528189451904        6.07663486032754      h
        3.25744802827513       11.02663547400006        8.94321932558601      h
        7.78723002317855       12.07090244384513        2.21015926219739      o
        3.89704839993083       14.11180280991111        3.32096775738967      h
        2.52637562980925        7.87780475544683        5.30492356126666      h
        7.18026121561726        6.18645886948519       11.16668076048668      o
        3.87572985329976        8.20601781126865        2.90170128293975      h
        2.76397214130156       13.44966577102779       13.47291700777715      h
        8.18458231352961        9.68984865738227        2.72609472715607      o
       14.35436306875624        9.71624638039859        1.57435320301085      h
        7.78878546227036        5.47798018721643        8.36342062828357      h
$periodic 3
$lattice bohr
   17.38799669700000    0.00000000000000    0.00000000000000
    0.00000000000000   17.38799669700000    0.00000000000000
    0.00000000000000    0.00000000000000   17.38799669700000
$end
