$coord
       13.59771399643132       11.55768285981399       14.10705989197463      o
       14.50486169940936        4.52161466949067        1.65615932263627      h
       14.99606025998988       14.34206319871075       14.52787029934680      h
        0.02420806754882       15.77626072975630        6.93079505357822      o
       14.10132044197589        5.19113324705960       16.66849212972483      h
        1.36170456689837        6.85775416545058       10.83600799048658      h
        4.51464824106030       16.87545416181785        3.87805265517434      o
        7.67530948119980       12.35296718617682        5.69357200483660      h
        5.44976322813637        5.38893776455725        1.54040885518851      h
       12.22675258497748       14.48589386164890       14.26876565124007      o
        7.60688025252066        0.74664814858206        9.74390229382875      h
       15.47701066297908        8.12041539316502        3.88991859912273      h
        4.05403029645381        1.83864402342116       14.08559728947715      o
       13.86613190703077        5.77539414865008        5.91619507478239      h
        6.00251309667742       15.70130524491328       13.50649767749066      h
        3.39547433809330       15.80657073621907        6.18854478718330      o
        6.07994508600100        6.98589413374120       14.49102908073129      h
        4.04043213174770       15.35186535788539       11.84859917609038      h
       11.67520516419986       14.17156749800905        1.30072528290716      o
        4.78485686276127       11.10023344934755        0.64104314505082      h
       17.32267053362100       12.79054471527147        8.80356704353187      h
       12.66194031671500        9.09944713262318       11.35380692434392      o
        5.40337217426850        3.67173331097752        7.30872742863394      h
       16.16321859395305        3.09638006286712        2.04868838183020      h
$periodic 3
$lattice bohr
   17.38799669700000    0.00000000000000    0.00000000000000
    0.00000000000000   17.38799669700000    0.00000000000000
    0.00000000000000    0.00000000000000   17.38799669700000
$end
