$coord
        2.16657793359105       16.15958101363978        3.04855650944490      o
        1.59553104252992       15.41147126715861       13.11184413683749      h
       16.90414926173957        4.52479354607135        3.79260955881487      h
        1.17618965710786       16.33401578267102        5.09752792565397      o
        0.82464205840705       11.81667403774741        1.30830504537974      h
        3.72650855509224        9.62708531810848        1.11777675691455      h
       14.00508432290637        9.17290062427119        2.14079189475650      o
       16.13230007632503       11.61980936386014       17.07932835573094      h
       13.32059990848743        5.41521117689040        2.56093961283525      h
        0.19200891493346       17.18091861223468       16.83022860303766      o
        5.63454672629982        8.98484362907176        2.98390162899881      h
        2.23496095769055       12.35390331951269        6.46426431529771      h
       17.08304132651539        8.99823617448091        2.82103211921536      o
        5.63340776719369        0.77529825107810       15.90269087817309      h
       10.38601894985963        7.81954456272140       11.06996018326302      h
        6.96316915178045        8.10082730113108       12.46601634414007      o
       14.61498557623657       12.21296212185213       11.79863834960905      h
        8.22740803182930        7.12526886591069       12.12014618836812      h
       10.07715819861439        5.99348349385115        1.77584481256060      o
       13.53640450913680       16.02706183048665       14.01973891477295      h
        2.83991150595132       14.99206958348709        2.02184576305340      h
        8.47006221734368       15.78481381460066        4.25453895952444      o
        4.42093483116975       12.07117945751920        8.82738064977581      h
       14.89510431619855       11.43553383046366        1.19017243031831      h
$periodic 3
$lattice bohr
   17.38799669700000    0.00000000000000    0.00000000000000
    0.00000000000000   17.38799669700000    0.00000000000000
    0.00000000000000    0.00000000000000   17.38799669700000
$end
