$coord
       10.11499391846877        1.03971495556637        9.63823559782176      o
        7.06066181379405        9.25671675878487        1.44349928493305      h
        7.84574991657129        4.14963020179023       11.90201793878599      h
       16.89829622627287        3.93962667117009        7.28937386843781      o
        4.14831512362440       13.82497601958356        8.49660353624930      h
        0.52356802555670        9.60718422796874       16.38592787433342      h
        8.86085289446537        9.49926451585851        5.04981531352082      o
        7.00421483821512       10.08159453602885       10.50229695287281      h
        9.48457461233771       10.82761491816609       10.50379779041214      h
        4.22999723008386        8.49817738288438        1.38760440211726      o
       14.20908324339107        7.28649503204201        3.48926428617642      h
       15.48586218176586        0.71421014567995       11.76257034841469      h
       14.57801258028533       14.13579777113500       15.85069691591984      o
       14.40173170412846       10.05186403604299       14.02034145600436      h
       13.41786551343844        4.29208024783123       14.97728172813131      h
       14.56657799941523        2.55478061253690        4.11545227685738      o
       12.64021027523092       17.21514818985260       11.30015877878496      h
       14.75034569407772        5.32107697151030        2.60537121471976      h
       12.78138104346971        0.47032739083345       14.65122187254745      o
        0.26409917037928        6.60322821268328       15.52690287180651      h
        4.84140885094043       15.30684607586933       16.96369381961282      h
       16.74231862986489       10.23614021504373       13.88404729792005      o
        6.06519905999436        7.23248206093279        8.80730368464652      h
       10.52848323091217        5.58938488840070        9.09780976267257      h
$periodic 3
$lattice bohr
   17.38799669700000    0.00000000000000    0.00000000000000
    0.00000000000000   17.38799669700000    0.00000000000000
    0.00000000000000    0.00000000000000   17.38799669700000
$end
