$coord
        2.48687798944561       14.29854390671922        1.63496275976901      o
        1.15596261483405       10.18586842936034        9.44422925024936      h
        1.94608260194609        9.93585733502623        6.17279426616532      h
        2.91528573387244        9.93008699539761        3.18026472313525      o
       16.44431977279802        2.32926547489169        2.78042892498484      h
       11.87844411804653        1.06401910188591        7.92928546486053      h
        1.49764042877271        0.80772342579245       13.62046553827140      o
       11.87823236078482       13.99766610293138       11.01335658752871      h
       15.31207029324844       14.31940368773784       12.44027300882959      h
        6.93126621261002        3.00200777038216       12.90604139076127      o
        1.38832581543873        4.93086934644933        8.33462782421697      h
        3.06314418422153        4.14200233189996        2.11177345352615      h
        4.62037010297149        8.64348208858135       15.80825575920387      o
        9.29371576192158        7.45143730595455       17.33244434327685      h
       14.76936976474023        6.83774912119955        7.01175248247368      h
        5.91002417232680       14.63188534938925       11.28953894394872      o
        9.01876238961570       10.79259010179767        9.61399750615654      h
        7.35716048311785        1.00086139192247        0.18424667442038      h
       14.03771822674484       10.61943782515826        1.06206263481010      o
       13.77757668221997       15.32952966212272       10.89710185555697      h
       13.45190580301226       15.99677827558151       14.38390894374101      h
        7.36440016596625       11.75916011675523        0.30403681686850      o
        0.49198170985600        3.50447001280752       16.75901114124177      h
        7.58388507148121        7.57696269341591       15.73731198509580      h
$periodic 3
$lattice bohr
   17.38799669700000    0.00000000000000    0.00000000000000
    0.00000000000000   17.38799669700000    0.00000000000000
    0.00000000000000    0.00000000000000   17.38799669700000
$end
