$coord
        7.10803748850578        3.20425552914860        4.17739821699026      o
       12.16067251386564        7.26754954431755       11.94752601387177      h
        8.19383321018649       10.07061972665009       15.70925826745721      h
       10.96983268871829        1.37412376122573       11.28113631351364      o
       11.89823718872659       14.41308398375806        4.10496279554410      h
        8.49237392865536       13.78554438603961        1.66981127089770      h
       16.44062157186759        7.34690013070722        1.11332397763437      o
       15.84032916419344       15.72777521865041        1.95166901080214      h
       15.51142603704669       14.55175889979250       14.59232126173145      h
       15.70909435142932        0.54517634540739       13.46108196042239      o
        8.92667495230073       12.69150872102455       16.90544652750327      h
        9.29864830036416        1.59380623818215        7.08397081939988      h
       15.48086312509851        2.07541740079593       14.93682197994469      o
       11.27686010687458        9.80866919390127       14.55835926402916      h
       13.93583259206953        5.02314463617061       15.89522359165697      h
        1.31457316730923        6.53741725530772        8.38610142117400      o
        5.47104828648300        1.41521243582921        7.50739397055348      h
       13.43595912136673        6.45831964210776       13.95540087417450      h
        5.69468873789699        7.33002298174436       16.93019728069920      o
       15.55613248239546       13.80179357001378        5.09372850231091      h
        2.83446939100318        7.28054776215908        7.31268844112348      h
        0.39505736313828       10.66454093866535       12.28468296502908      o
        6.60694347786552       17.19479037521202        4.76092854513624      h
       11.25602256849027       10.49262416305028       10.03817797859182      h
$periodic 3
$lattice bohr
   17.38799669700000    0.00000000000000    0.00000000000000
    0.00000000000000   17.38799669700000    0.00000000000000
    0.00000000000000    0.00000000000000   17.38799669700000
$end
