$coord
        1.03190372144733       17.31165119365678        0.12238908938632      o
        1.00001766506089       13.61348753000033        6.26723854960745      h
       10.77634501097019        8.12191072776755       10.40288993424477      h
        1.85902749579706        7.42052318033092        1.67078032325825      o
        4.74949826276240        8.32431395414141        8.39230369244162      h
        5.51162003894512        2.71169222902459        0.82144624133873      h
       16.76449015020427        8.65491594664626        2.46930324216880      o
        7.86483957101292        7.53839859536607        5.08518135973119      h
       16.45996957893728        8.02214356036488       12.29331822727260      h
       15.99040640026026       13.44874771907866       14.65464023580899      o
       15.33504720528742        8.77238905580974        3.87337045050538      h
        4.50897747944239        3.43500243859987       13.80032724836446      h
        1.84503753927273        1.59856131172371        7.94258670650403      o
        9.94760591293532        6.30861294818567        5.23701795656789      h
       14.35251801933125       13.82947262496918        3.24611262076445      h
        7.46764221159605        8.68437446272063       14.21452372933614      o
        2.45760168644466       15.89360366196310        9.20871843147948      h
        8.68136767544645       13.09741780057922       16.82749995451329      h
        9.40743863556860       11.94802506729527       11.24004770288893      o
        5.13984340639825       10.25459744798231       17.03536725451007      h
        9.33566329816167       16.39615243466963        6.74176567086852      h
        7.39492237958576        1.65861262906017        1.75862861873426      o
        3.46754655065728        6.74008479525975        5.20638297033134      h
        6.68668897267190       16.44798554991118       15.03779073916810      h
$periodic 3
$lattice bohr
   17.38799669700000    0.00000000000000    0.00000000000000
    0.00000000000000   17.38799669700000    0.00000000000000
    0.00000000000000    0.00000000000000   17.38799669700000
$end
