$coord
        5.13565903942165        0.47717941042886        6.21197313742143      o
       15.16344454455538       16.34308789482396        1.63032147842756      h
        2.78655975170449        3.75183543705121       15.10754757377553      h
        0.72926003267535        9.79071720288909        6.26946808206760      o
       13.30261067477923        0.01904211412747       13.34934139147450      h
       14.20040224838895       15.41126270685788       13.21728742932575      h
       11.99181666973144        8.83908197342611        3.45431092936333      o
        7.28721883863230        1.70897663473446        2.05482266816154      h
       10.26356866793372        4.90945448260280        8.11252129096453      h
        1.89024149204053        3.91801833990957        0.97429145943506      o
       12.87829007177091       13.59939927245757       13.07712498841765      h
        0.97513157689464        7.27630738308448        4.30828204419446      h
       15.02933754181197       13.10808305198638        0.21795444143000      o
       10.45298954095832        5.95081907824319       10.61344215927985      h
       16.29854006641076       13.02102648451242       15.41397519669026      h
        2.09954820156231        5.20813812191881        8.89269868658865      o
        4.77610775159179        2.41427403949278       14.91525598519296      h
        4.52309561954785       14.56392079865661        3.63925524756804      h
       10.85980770761128        3.63539176406304        8.33427903173341      o
       17.30258321939948       15.49339680441525       15.39686635986207      h
       15.03535772062719       17.01690430250127       15.43552156273804      h
       13.19741317662906       12.44887958935788        8.31738124149836      o
        8.47302949194314       13.22856905931955       12.29017531710750      h
        3.18827940434044        1.54587018778295        6.84561281565624      h
$periodic 3
$lattice bohr
   17.38799669700000    0.00000000000000    0.00000000000000
    0.00000000000000   17.38799669700000    0.00000000000000
    0.00000000000000    0.00000000000000   17.38799669700000
$end
