$coord
        8.93219537516885       11.61638606339282       15.52506411766641      o
        3.59078617269066       12.10198322770525        7.79772450532940      h
        4.18030867340463        3.61349528248685        6.63782727370910      h
       14.07229991679971       12.65071588466151        7.41546542824654      o
        3.73447711059150        5.02448877192082        6.35163231526981      h
       12.31000294567176        6.88533893259744       14.05518235243656      h
        4.50321282392948        1.06390449797788        1.33209715569870      o
        6.80769454645073       11.87768335998913       11.76123315937745      h
        5.65268214735556       15.73069781570852        0.10631001020008      h
       16.12343073892923       14.72523464163675       15.22914784974305      o
        2.05531540824969        6.31539483926360       14.63525461484742      h
       10.26258967308912       14.71634725644400       13.80259732736921      h
        4.81910383120934       16.13885320437096       12.25921965422437      o
       13.76266450731738        1.44051286025518       11.61417341474954      h
       15.85389057468381       14.61344321692767       14.72586076244210      h
        1.79051673987376       17.17187608588507        5.92318411864380      o
        2.55035195716685       17.05327187261359       12.91445773704218      h
       13.35071140990691        4.21107198897602       15.05831283577500      h
       12.43544757216837       13.72392661295677       13.89923392160065      o
       13.39296353509922        3.68657940840788       11.70306176711101      h
        3.05857014840180        2.85327536838059        6.22918518656655      h
        0.57293311278230       14.71290194789057        7.61791879980736      o
        4.64026401566484        9.23120755014506        5.17003515707720      h
        4.65876186249489        2.34094345216942        2.24793817202194      h
$periodic 3
$lattice bohr
   17.38799669700000    0.00000000000000    0.00000000000000
    0.00000000000000   17.38799669700000    0.00000000000000
    0.00000000000000    0.00000000000000   17.38799669700000
$end
