$coord
        2.56941637947921       14.30859826416106        4.44383454571823      o
       16.53098702816724        0.22839713138643        4.40375136622267      h
        8.48605570542489       13.79441272066429       16.21132556699931      h
        2.57856842583697       11.88579468846727       16.14557536867787      o
        9.15945241485790        6.06176673845669       17.04462701477828      h
        0.96188164246528        0.05848439291483        4.42085129486346      h
        1.11832323182330       11.77704824325640        0.15109422496257      o
       16.46958732647114        2.94541856072816        1.72760769948789      h
        9.64905290702964       13.31123344242559        0.22344004195214      h
       13.56841071488238       13.50543304895332       10.69883817872371      o
        5.19579179381970        1.98559293673310       14.84034124675948      h
        6.46278579254188        7.71943936482896        5.26387887435202      h
        4.91870206962230        9.90412230566959        8.39750625711084      o
        8.63968565585989        6.98874345743434        6.49427583897666      h
        0.41858206719093       11.09088773480445        3.61120670397580      h
        7.88135988461966       10.76773646403401       16.20384658933769      o
        1.81699951797779        3.42424695710401        6.60030895984296      h
        8.27986856767577        0.20123862724943       10.94290113150262      h
        7.46929436877335        1.09553290550479        3.00028675268161      o
        3.11364121940785        4.55217174757190        8.99345838090898      h
        1.39858644492797       15.99470304717575        9.80973263026290      h
        7.49446790718431        3.52005476438431        0.52579766677652      o
       16.38801754592663        5.90855901311253       13.81275043396537      h
       13.85934600021135        3.39900972725237       14.10710067634395      h
$periodic 3
$lattice bohr
   17.38799669700000    0.00000000000000    0.00000000000000
    0.00000000000000   17.38799669700000    0.00000000000000
    0.00000000000000    0.00000000000000   17.38799669700000
$end
