$coord
        3.80499216503678        1.31736394513147        0.86856634908444      o
        5.00649926687846       10.03024635640985       11.58717601504938      h
        9.72533313830288       13.18411304066457       11.63619669377177      h
        7.21691336072096       17.14727926772399       16.67075788549985      o
        1.39606428120053       16.02651038870371        4.61360132059040      h
        7.31358013571304       13.00423370233069       12.58348792716767      h
        2.62919078003776        8.98138953161939       15.02120094690626      o
       16.47766581917665       15.61025216432984       16.79952998320664      h
       14.98534074677008        3.25073822651456       11.63811748297361      h
        1.21957898780947        0.07553334050265       12.71260034017267      o
        4.88272488722439        6.82174142765175       16.43210320214053      h
       13.36858922473972        8.10005031072301        2.33505634787781      h
        3.70377468206393        2.35895399603058       15.76009614250707      o
        1.59537080564809       10.93325001955076       14.27435434098176      h
        8.14517914110101        5.66452798513491       14.45206610310268      h
       10.83599419587267       10.28721917975992        6.29989581120859      o
        8.20857889222348        9.43187446736186       15.48067963296594      h
       14.42433676784352        6.72878124174889       11.91585567752145      h
        7.67548242355831        3.27264362258145       10.32758028540833      o
       14.61279133401285        1.56853579095983        3.74348088297659      h
       12.32816757408916       15.87329640089771       16.82231959833130      h
        3.92520549701351       15.46828641680374       14.36753814145430      o
        9.45536142748618        2.40416390403529        8.75706659835267      h
        3.36975615837269        1.24879127664750        2.57115442346202      h
$periodic 3
$lattice bohr
   17.38799669700000    0.00000000000000    0.00000000000000
    0.00000000000000   17.38799669700000    0.00000000000000
    0.00000000000000    0.00000000000000   17.38799669700000
$end
