$coord
        2.47848256171682       10.22396553984956        0.33065281146365      o
       11.57981139771838       11.81358601987902       15.86056591811040      h
        8.37103250221529       14.15918128048025       12.79226293698539      h
       16.16164001255568        7.99435549794990       10.95569747194546      o
        2.76045430707656        0.26428147878213       14.89098532077942      h
       11.14331611757863        6.01684344796026        1.45660657535191      h
       16.71618969845239        3.72960144831577       16.74189093859631      o
       12.95051621659612        2.85844139808474        1.29631412450057      h
        9.64696965007377        6.34306396793775       14.10577085263781      h
       13.45960460962775       11.92016148977352       12.69269260856805      o
        5.23416403707771        7.01276317022737       11.82403882217364      h
        2.46159637070514       10.15610469953091       17.35063617751664      h
       13.11556572399823        1.10060485674122        4.61115610973755      o
       17.16254315379740        7.26601244936637        5.91894027475998      h
       13.33769510514149       15.31598212635679        7.94838525013096      h
        7.26853533353844        0.07872922791709       14.91088114231197      o
       11.03984745003360        3.77710736895373       10.28030324536835      h
        7.48898872865948        3.29810113187979       14.45755836590975      h
        0.84036062860651        5.84798862529520       16.15587197607825      o
        6.26616245856223        4.37573853254356        8.75792959996156      h
        0.22052537920237        5.11914512895905        7.51185508223546      h
        7.88036224920686        5.01091695242993       13.49439518770323      o
       14.51693259999628       10.29351079324406       15.84005904071971      h
       11.75420188614027       13.81777430004658       14.69134425139632      h
$periodic 3
$lattice bohr
   17.38799669700000    0.00000000000000    0.00000000000000
    0.00000000000000   17.38799669700000    0.00000000000000
    0.00000000000000    0.00000000000000   17.38799669700000
$end
