$coord
        0.72382423329092       -2.38355138967998       -0.00575999257057      O
        2.18791872542845       -3.27598334676366       -0.55711842362658      H
        0.10528151553386       -1.32956989786375       -1.33110566805584      H
       -1.90770550365407        4.35676143475769        0.77830368524022      O
       -3.37356215069604        4.54194564518872        1.76724093133033      H
       -1.08543512400521        2.94428666282719        1.69440546248095      H
       -1.10698138501330        1.00716301420710       -3.36355756034710      O
       -1.94706990138137        1.77664021968365       -4.78518947098907      H
       -1.03139055338432        2.40654626482491       -2.12736621582881      H
        2.43632723417971       -3.00388052243963        5.59018439041113      O
        1.70723022839232       -3.31251249326836        3.98085645451147      H
        1.10985225481267       -3.65316269397519        6.78352021602683      H
$end
