$coord
        2.47405626238472        1.93592575452002        3.66834697871759      O
        4.11019227644323        2.07448841136691        2.89487367972857      H
        2.53874159039547        3.05736616571953        5.04413551730379      H
        3.40933450505834        4.04318246253780        8.58339435545124      O
        2.30673703600737        5.45078048686529        9.10155403336426      H
        3.36196301496153        2.90113752967867       10.01849014869589      H
       -1.75003926673317        1.16741736714530        7.10493334106630      O
       -0.83933922638183        0.23402637537442        5.94953780399355      H
       -2.68886458231025        2.40510432817725        6.13607133708017      H
       -4.10716116950063       -7.33723729933156      -16.33032964352700      O
       -5.09749042437528       -7.90197935531351      -17.72967180695117      H
       -4.11079770625539       -5.44756504954293      -16.42452339994976      H
$end
