$coord
        0.81261986486286       31.69813254068914       17.77743745391141      O
        1.10523908823314       31.65929140032154       19.58608940186615      H
        0.06600884106391       30.09806525250389       17.38557134822500      H
       20.17828370131983      -15.84536289542051       36.92819398727461      O
       18.85253253576571      -16.28258743807584       35.76895782241135      H
       21.50036575821071      -17.10638350648378       36.66989149357632      H
        8.16181647624164       42.55231956101659       15.85011226539034      O
        7.12610026129546       42.18385025960006       14.39718342181864      H
        7.25036235519430       43.75168295706422       16.83392775718681      H
      -29.12176800915138      -58.34345375761801      -67.54525715622694      O
      -28.71953196981570      -57.35214002063735      -69.02002280390126      H
      -27.67611929088879      -58.21582446594428      -66.37740486324824      H
$end
