$coord
        4.20982697797541       17.11637612210971        9.89980034783778      O
        4.27715778310152       18.47377682570620        8.69170635159760      H
        2.44410399011007       16.92085668179757       10.31719611992600      H
       14.34472796410146       -3.54404593916886       25.45749151521842      O
       12.72164950116777       -3.82345978085527       24.63962233262130      H
       14.08471095033862       -2.81901501412543       27.03548325119112      H
       -0.63126147488305       19.69008296019183       11.52847017452606      O
       -0.40747408776826       21.45610430028696       11.26774753284999      H
       -2.08106571593543       19.45531033914064       12.68762672063839      H
      -17.77363230479273      -33.47958221776139      -43.97655581744223      O
      -16.82465478488891      -32.31251209778321      -45.09907662378684      H
      -16.60874548168760      -34.15440035408749      -42.67568709364737      H
$end
