$coord
       -0.24968391031366        6.02476810920505        5.95750208595317      O
        0.02163901705544        4.42970598162080        6.76817526492833      H
       -1.97254645302456        6.03141471625117        5.22018638491012      H
        7.75683536024346        3.46609304060523       12.42388145618649      O
        6.26662225334350        4.20795972826291       11.76783985632564      H
        7.94796073643181        3.84604270248996       14.18444862721594      H
        1.50686948216147        6.84321920574388       11.11841837872689      O
        0.68000699292120        7.04683303850135        9.56257481460231      H
        1.68408371591904        8.43731539464920       11.97879282886351      H
       -8.80798704195458      -16.43833392638938      -26.67184360370157      O
       -8.43141819368905      -14.95138009491039      -25.72748994931110      H
       -9.49259601200587      -17.65781143371842      -25.58999113754478      H
$end
