$coord
        2.52138836604649       33.88024373944475       17.84260457340172      O
        1.92298459449627       35.51909631552878       18.35829842113285      H
        3.84756154746762       33.35442017862808       18.93522097377121      H
       20.29822895775815      -17.31585913192286       37.02023057826070      O
       20.85625278132430      -18.00637047162934       35.45764366061579      H
       21.50988000492273      -15.99406966094585       37.41193615693070      H
        7.48906503679113       45.51201081560409       18.65349244938609      O
        7.78019643201398       47.13142812803655       17.94218385198837      H
        5.70709729435444       45.34827252658467       18.90606140357253      H
      -30.41526661763892      -62.25760974039532      -70.65925008804503      O
      -29.69584307705678      -60.90875426077186      -69.59607781975663      H
      -30.22267319850139      -63.82261657713831      -69.71661976342953      H
$end
