$coord
        3.24815125507749       10.09182657129702        8.20543932472172      O
        3.92361283588442       10.99484765557246        6.78230126793849      H
        1.55032682242113       10.64226509121421        8.35630316809632      H
       11.67027215753362        1.60010434833319       19.47462368026410      O
       10.14847004708350        2.40745897376875       19.00320830512676      H
       12.92636814293966        2.68769727325137       20.26498223382469      H
       -1.46986711296377       13.13060026047182       11.01294492837842      O
       -2.51550130273326       14.48214902320336       10.35593232780791      H
       -0.15245701621138       13.86285399393905       12.06414146347075      H
      -13.38947292352571      -25.19551056113655      -35.58928498243446      O
      -14.59934735849445      -25.40405450763310      -36.88896590328999      H
      -12.22659933700886      -23.98368442033776      -36.18543621120606      H
$end
