$coord
       -1.97988127598665        9.09496715929778       10.61063881878042      O
       -1.21812951041833       10.73800927791259       10.68802004087954      H
       -2.41691135302394        8.55230586891546       12.27622924822345      H
       10.00076527593768        4.35002364244955       16.12227814041383      O
        9.95564052964467        2.54528588834343       16.27959662547804      H
        8.20840613085198        4.61195026263714       15.60985427970386      H
        3.21969259928864        7.27140641690759        7.20763435327235      O
        1.69127161819956        7.61966785704580        8.02394824138969      H
        2.74322724700345        6.23388116032010        5.84950159467126      H
      -11.03244449474887      -20.77137500206739      -31.07880805936715      O
      -11.73595220824021      -19.23261584843505      -31.70775297666894      H
      -10.55737057812682      -20.46678770932207      -29.39539923390121      H
$end
