$coord
        1.26031874587502       31.66098074825547       15.91636001735049      O
       -0.07164018204484       31.12712298934090       14.78083407947143      H
        2.82026991041206       31.60131969772256       14.96575120452540      H
       19.06228229335111      -11.96901413830312       34.70053611224384      O
       17.66160560721924      -11.13763472039051       35.43775369243581      H
       19.47185877826701      -13.24833631558844       35.93207981590970      H
        5.65071845804919       31.05622238988709       13.50478183622356      O
        6.81179945878132       32.47916240248661       13.17500080107520      H
        6.53477546301153       29.51447362494039       13.18567149767136      H
      -26.11153506947079      -50.75459570144496      -61.03646946773315      O
      -26.40328370007427      -50.62161898930373      -62.81672566969019      H
      -24.61384673727887      -49.88990033702623      -60.61167854169162      H
$end
