$coord
       -0.55627456720768       16.45545432481828       12.00388894849426      O
       -2.02935822634082       17.47045451860976       12.21203254960562      H
       -0.36843525471472       16.14594827399432       10.17639132945719      H
       13.04759705585160       -1.04216345209385       22.73237436883753      O
       12.36672213311808       -2.76447903127411       22.43436727631849      H
       13.62008231138408       -0.67686343865187       21.04273822857934      H
        3.01435410244028       13.88648842877152        8.05566907205188      O
        4.04579881746082       14.91137482979592        9.19460974123426      H
        3.31476106258678       12.19631469453751        8.52647588967166      H
      -15.52734653923738      -29.27473296437728      -39.82740702460195      O
      -15.31210531946606      -27.53279568935957      -39.27359489403299      H
      -15.29058755643831      -30.42859570798039      -38.33347492439428      H
$end
