$coord
        0.18129066737228       22.77502458452484       13.65203585970107      O
        1.36891411467035       21.73106533855956       12.74518371640159      H
        0.22766442046322       24.39823705753430       12.95051833274631      H
       15.69068415501240       -5.74226416926719       28.42945049714792      O
       14.18933345779254       -4.68288503481044       28.29966953947380      H
       15.41933562138838       -7.20013943187548       29.40656970871737      H
        4.14644406380995       20.88645291367103        9.57854440442421      O
        4.53423492097696       19.08743751518072        9.38250974026548      H
        3.72598145297421       21.55746968161893        7.96208091394171      H
      -19.97436905341383      -37.99379611560110      -48.59448396774712      O
      -20.61675340587039      -36.51308551321421      -49.52396880846148      H
      -19.55331000122312      -37.46273446996631      -46.85930069072479      H
$end
