$coord
        3.27960613475629       -0.93983455809035        2.56588929854004      O
        3.74328002526995        0.81366550397187        2.71107339039753      H
        4.02366841967342       -1.92301797564480        3.94988817205407      H
       -2.01429664393422       -0.69660177667648        4.77479082233799      O
       -1.13220049879381       -1.00881395851108        3.21265981704798      H
       -2.30724263156889       -2.29870371436080        5.63163496873306      H
        0.42078308455321        4.17303144460188        6.44654005539976      O
       -0.47322190484087        5.05856566940570        5.19220543838017      H
       -0.24817172567486        2.46754092184655        6.28537057548445      H
       -1.72080629304328       -2.39987457564611      -10.89813680170001      O
       -0.38997238257513       -1.84721919607141       -9.82499865494887      H
       -2.66056878375004       -3.72737949900546       -9.97126156146479      H
$end
