$coord
        2.00630668357816       -3.78841814888214        3.35185251151619      O
        3.53374322814014       -4.65035462284673        2.86847833401058      H
        0.94841987950883       -3.57106049126256        1.92288716431431      H
        0.32698280743745        1.67371697046713        3.95730625327535      O
        1.72183706446075        2.81049330718476        3.54049931846278      H
        0.92221954018631        0.02918757596612        3.82403297720805      H
       -3.02095709373035        0.52767692644317       -0.12376855957416      O
       -4.72262529026427        0.14694686943538        0.12219308147529      H
       -2.44740774557152        1.19691519150074        1.36698784829900      H
        0.56116275634729        1.54670712670960       -4.25666578518492      O
       -0.03680922316648        2.08934444383217       -2.60355364082548      H
        2.10479650057254        2.31566267746887       -4.48918607494229      H
$end
