$coord
        5.46081534047037       38.75967777280010       18.27822300104714      O
        5.67233770375885       38.38915163077505       16.51117079569494      H
        6.64440472245939       37.75542435765794       19.19390292808855      H
       20.80410919619325      -18.53151330809926       37.69052316161847      O
       22.27906720964083      -19.47139968788750       37.30125330658750      H
       20.57993719425707      -17.22299101320612       36.44919972359815      H
        5.67278945187121       46.68006578212372       21.56756213771702      O
        6.21605132110302       47.49837655738452       20.07764746229328      H
        4.88624757398331       45.12167596043386       21.04717404852448      H
      -32.07595593701354      -66.84038050333747      -74.43897910169743      O
      -31.45165273685422      -65.35741460441631      -73.55749510482687      H
      -32.61443238521849      -68.07629378151069      -73.16809027706925      H
$end
