$coord
       -0.44150115847962       30.96132333592933       17.45957195615887      O
       -2.05241354202284       31.83674176702017       17.57699859902873      H
       -0.59216638739814       29.51527912443824       18.54680471455795      H
       19.61013566571668      -13.76877100768481       36.22509605551636      O
       20.42657483462298      -15.27520232532773       35.73740011619176      H
       20.70487813758275      -12.31260628487093       36.14052060838897      H
        8.66314298824775       37.48269926464642       14.05309248763717      O
        7.03955335143764       37.31367256804872       14.90193700475583      H
        8.53191484984429       38.86363249798638       12.91165618134476      H
      -27.69347543986898      -54.80228008416360      -64.71315666784668      O
      -28.73929492152651      -55.18472275577521      -66.15130466149725      H
      -27.53162521911725      -53.00232938427406      -64.64568708178139      H
$end
