$coord
        0.83893124496174        5.23964144203900        9.58790952752897      O
        2.33916611830381        6.02914654872723       10.23449523479007      H
       -0.60612603221232        6.37470374089146        9.99482081390432      H
        4.62830972500302        2.20620663948054       10.78394889367874      O
        2.87891852629397        1.99742076496227       11.22562970109257      H
        5.22408285630075        0.53546157453069       10.13558197506208      H
        1.11308852286131        4.46195547794036        4.30779473275012      O
        1.68458815116123        3.95418382253683        6.01443537862872      H
        0.75998140171541        6.17972144469292        4.65201176363914      H
       -6.47734304684104      -12.06828700642418      -21.78701578394718      O
       -7.46119243675944      -12.62522198948880      -23.29756232982966      H
       -6.46696874289892      -10.15569131691547      -21.82970220361790      H
$end
