$coord
        3.81969057644377       22.51318803826679       11.67256694066485      O
        4.64672283823922       24.11312713083667       11.98212725859744      H
        4.60750936074823       21.32795522486083       12.82108872357489      H
       16.78945876298348       -7.87445431609780       30.71515134153026      O
       15.85448278345542       -9.48569657145353       30.64104342323947      H
       15.85505274635323       -6.99709733084389       32.00464285524360      H
        1.52234136819940       27.41693330208973       13.09722575188599      O
        1.47986517890383       26.47978591451996       11.61585004055556      H
       -0.21056053676938       27.55813257073593       13.70763696321665      H
      -22.02415197863257      -42.11119258740806      -52.68183637339105      O
      -22.54197059578669      -40.43971190250478      -53.22081152642274      H
      -21.40828587142762      -41.94603412892189      -50.98944533255003      H
$end
