$coord
        4.41058201282670       30.69864203797210       14.63022343702705      O
        2.82701512915365       29.82133929166821       14.65111547858563      H
        5.52367780608215       29.80443568766021       15.73086357663621      H
       17.87677332134085      -10.11850719472474       32.60629654004531      O
       16.60343804659844      -10.95735157194603       31.62120126898488      H
       17.53502926043671      -10.13547809565549       34.37790661806391      H
        1.74707870146198       25.76592603023521       12.32633543402560      O
        3.30731748790079       25.45073574396992       11.49424219240275      H
        0.52718400370548       26.00275946527418       11.02513243211966      H
      -23.86890749853574      -46.14495656116487      -56.65391244446726      O
      -23.43082628791310      -46.73691549604398      -55.01157902483624      H
      -25.54098984544207      -46.74498940986350      -57.02005205107655      H
$end
