$coord
       -1.86711811379274       -3.05343918204993       -1.73403664740032      O
       -0.14447486744512       -3.40995559054233       -2.20271226245967      H
       -1.84331876747871       -2.37042557363360       -0.05334203191004      H
       -3.05078147805363        4.20606351954646        0.00415397409961      O
       -3.20501036683636        2.72095264205747       -0.98773634565391      H
       -4.21088994634049        5.39907252389801       -0.68199564860666      H
       -0.65668527284417       -0.59679762863645        2.81078271450641      O
       -1.41584529763071        0.90525582661281        2.07642686105550      H
        1.11816660540921       -0.39922249714039        2.19964642839668      H
        5.39392641489369       -0.68867853854842        1.93916004415332      O
        5.81386684399248       -1.14490625670851        3.64556966051873      H
        6.77810517934010        0.14686408200081        1.09516605346428      H
$end
