$coord
      -76.66427597006658        3.76423304144290       -8.97844276343007      O
      -75.03162024781402        4.52363031995893       -9.20793367840212      H
      -77.76811301677198        4.91694526654763       -7.97509480064788      H
       36.87995463492292       26.39366978338946       10.64142418749024      O
       36.59983742833712       27.61619088465732       11.97020737154437      H
       38.09329914394603       25.23983466079824       11.30020720021239      H
       39.60503045872670      -30.28415308631354        0.80162427921588      O
       38.75347508630104      -30.42053402138176       -0.79820849362169      H
       41.32168119559485      -30.70098644962678        0.53698150601490      H
$end
