$coord
     -159.71949274679974        9.82601394170796      -19.04422483362627      O
     -161.51270124143250        9.64834734074688      -18.82042068321866      H
     -158.98768591483739        8.16451299502211      -18.86052222923693      H
       69.37449047285955       36.31255009558360       20.74970043000442      O
       68.43718384495160       37.39822032632767       21.86377168686313      H
       70.29508064703127       37.42493497759111       19.62950706267245      H
       90.26347131241458      -46.12941109048181        0.79313908573106      O
       91.41306772986785      -46.53848193930477        2.13899486183163      H
       90.75951406074851      -47.08882379634700       -0.66929501707681      H
$end
