$coord
     -109.55350740247140        6.07708217585402      -12.84226491770770      O
     -107.95268388833388        5.59000219062733      -13.62105191954404      H
     -110.01699097307092        7.74063486186037      -13.47022213106119      H
       49.86887456222069       30.10142871908781       14.53253919106687      O
       51.49997305279140       30.87150922995143       14.60638624119041      H
       49.04230322736971       30.23764130786659       16.14592964220217      H
       59.42861386096630      -36.27927256959119        0.82355736468557      O
       60.91205702301028      -35.70903161843544       -0.04234484699825      H
       59.71150513435580      -37.96347753247993        1.41987645638127      H
$end
