$coord
     -116.90335656807592        7.02098529297013      -13.76147184378510      O
     -116.69449981401753        5.27214246621808      -13.22966837544628      H
     -115.26871298661094        7.81941311344510      -13.83683603450954      H
       52.06273823275601       30.46143358190370       15.42032818522166      O
       50.29581297234943       30.13418680965253       15.16132211871558      H
       52.85615407091175       30.68619894924307       13.80206240378314      H
       64.74713707229489      -37.48761639432633        1.05347909649232      O
       63.30401998598605      -37.72013985407523       -0.01413920814141      H
       66.10288261030477      -36.95349265992761       -0.02011013473640      H
$end
