$coord
        3.27039622652867       -0.07745257142944        2.64722989940251      O
        4.01996411553774       -0.68771898799260        4.16573046259238      H
        4.56176153374053        0.45405730791060        1.58946738444994      H
       -0.26201521842928        7.18246764304616       -0.14469617579433      O
       -0.53292918580269        8.25701057469298       -1.52571297888524      H
        1.43027995909865        6.69306992817597       -0.20570223400400      H
       -3.26568332583829       -7.27496938829479        0.13734415642154      O
       -1.73116618590349       -6.40699279065158       -0.16147110360387      H
       -4.53121400897102       -6.43510649544164       -0.84040295254102      H
$end
