$coord
      -95.04042079091985        4.96028967463151      -11.25357818145600      O
      -95.18499500199027        3.27247124394005      -10.58858715866807      H
      -93.29409645996046        5.45249783803023      -11.30802638962809      H
       44.87085748482573       29.36610450861303       13.19035022460986      O
       46.10247970785278       28.97050408719759       11.93328841175873      H
       43.54282483496412       30.27254139116135       12.30743515582037      H
       49.94819669634115      -34.27424333376935        0.60265579225139      O
       51.43642695684968      -33.57830338020013        1.41269905653639      H
       50.03910624682972      -36.06894213154601        0.87224044036804      H
$end
