$coord
       -1.38083238499087        0.43437538306962        1.12707807392203      O
       -0.18186782540947        1.20598118083220        0.13421709386211      H
       -2.67970237144137       -0.06547367582153       -0.16248736120732      H
        2.21094368527330        5.45871050998780        0.63259011441461      O
        3.88732781958461        5.00343698685850       -0.02793741818376      H
        2.25676526567834        6.05545646561067        2.34424746750083      H
       -0.98395790628534       -6.05610471767694        0.77116243116721      O
        0.31177622868999       -4.91870100227050        0.38014605642636      H
       -2.03283271275297       -5.51734416427911        2.09841401618047      H
$end
