$coord
     -150.79221464907593        9.04250916531861      -17.96431130130659      O
     -152.58138522200136        8.68463247447989      -17.88823315761304      H
     -149.98608660986764        7.51730615413970      -18.51505437720969      H
       66.62384495043972       34.45632580848345       19.56230646736128      O
       68.06892032669141       33.35984794936717       19.31144937351414      H
       65.16752315168168       33.37926942443610       19.45807677844041      H
       84.11502590294856      -43.28827413957416        0.86289819877551      O
       85.06349451393777      -42.19622544898888        1.95344578925327      H
       84.22101508609032      -44.95852699428216        1.56586990471176      H
$end
