$coord
      -22.78050133734646        0.90086424701184       -2.07911253884703      O
      -23.07637022072825       -0.81462637467437       -1.59135846779758      H
      -21.00870349406827        1.38885161708092       -1.80198479263380      H
       13.08943587330330       13.69829632798793        3.65535082421785      O
       14.76168624824816       13.10248080392249        3.80197425653571      H
       12.85491156177347       15.30744460015400        4.57830886575136      H
        9.56136539477093      -14.68063633780446        0.77306395684293      O
        8.93775162130594      -12.98122213316215        0.61945256669240      H
        8.70586046924749      -15.54421318678298        2.06455343876512      H
$end
