$coord
     -124.80678420942483        7.70967331423498      -14.71867659541246      O
     -125.74841551931779        6.22919057767570      -14.26675187647595      H
     -123.02501336713810        7.27604117770050      -14.64956958913636      H
       54.86334492156941       31.29031181328051       16.14660469580208      O
       56.23272296048912       30.50412691014021       17.05524433049303      H
       54.36067708120392       32.74752321260983       17.11709278077764      H
       69.70424005267135      -38.91407420367421        0.99393243416580      O
       71.46525097068795      -38.56084909219227        1.29062599017948      H
       69.64183555369732      -40.41540483726543       -0.03658526800212      H
$end
