$coord
      -54.50180272207590        2.36164206480102       -6.21797971335828      O
      -56.20385868228239        2.88890421882948       -6.42024939983096      H
      -54.59051448247694        0.45325106273321       -6.21660498588297      H
       27.91128340685682       22.27169308154431        8.20151062908576      O
       28.34326098175002       23.01588481384109        6.64629458919455      H
       26.95857574596870       23.49466631800354        9.17106614436146      H
       26.59855128169114      -24.74884674626763        0.66657719921818      O
       26.07668489180979      -23.93157567677779       -0.87412360586738      H
       28.38735712067579      -24.91786227025599        0.55184816518617      H
$end
