$coord
     -103.41767492003616        5.22598780164319      -12.34034779008542      O
     -104.18318318670849        6.83262904215888      -12.53560888629450      H
     -104.72974753076069        4.17143952721829      -11.57639271992325      H
       48.84720542485021       29.61531015647896       14.07061061148219      O
       48.97183021039778       27.85453444206426       14.53779759283819      H
       49.36013668241149       29.72474865382681       12.35156486140113      H
       54.62638514611784      -34.94010272157327        0.79521889064281      O
       53.49297370072849      -33.85185688093598       -0.13225993487823      H
       55.29338524265169      -33.99552575959505        2.20707827783587      H
$end
