$coord
      -43.03563008180026        1.45707855693981       -4.73178200424745      O
      -44.63877820112346        0.56404625789818       -4.91599842977130      H
      -41.91250270058082        0.74142807913665       -5.86348224419104      H
       23.15448829435197       20.31016802150681        6.86300815139553      O
       23.94098063335730       18.94194736769705        7.69376581110763      H
       24.40554315690117       21.24607587097429        5.84585966290533      H
       19.73386847989944      -21.61768479117522        0.38401113801787      O
       20.32461407485104      -21.34659607618403        2.11625950535365      H
       19.33644057731524      -23.38464948837657        0.13967961929874      H
$end
