$coord
      -65.95703369149034        3.01717849451590       -7.63383861682460      O
      -65.60509553799226        4.88223575984390       -7.76870390446002      H
      -67.77452045917030        2.81801239271504       -7.61176922732848      H
       32.52665969261817       24.71844889365415        9.46640995437473      O
       34.14193044813236       25.52719402221412        9.24792740480185      H
       32.10459588170524       24.99958962306531       11.22735338170534      H
       33.32332695149554      -27.83857243206092        0.58791229507850      O
       34.71420699259959      -28.03543081934061        1.72956780231023      H
       33.23158399052789      -29.38938993052060       -0.29228947773207      H
$end
