$coord
      -33.27308370097322        1.41347763696274       -3.35674487542810      O
      -34.05909142894844       -0.16109968289044       -3.93078864642917      H
      -32.01485419798008        2.03965053428697       -4.42651735145108      H
       18.17270400768138       17.04324979052289        5.35768901959121      O
       18.46852109219527       17.56392375186591        3.69811948322291      H
       16.39630525183248       16.51991099217172        5.31770797313856      H
       15.09148556120267      -18.50910068952280        0.79829442266149      O
       15.74886304067282      -16.79507525951803        0.63846371799241      H
       14.70256932227441      -19.17421770334242       -0.82475275482595      H
$end
