$coord
     -141.99564764020829        8.65557324686043      -16.89710655717376      O
     -143.50649940769185        7.96285383463738      -16.18725589885520      H
     -140.72008849406905        7.35135080454016      -16.96459367710738      H
       62.67290332360724       32.77608198827757       18.38171040457300      O
       62.87700210909690       31.06359749552643       17.80199143256583      H
       61.56440888986659       33.63758157733393       17.21933297136190      H
       79.30073129839884      -41.43085707845505        1.12222211216241      O
       78.43543114670118      -40.29906903750049        0.00925876744874      H
       80.80195320718785      -40.57393310024212        1.67198604154738      H
$end
