$coord
     -132.96325244194441        8.28986635221510      -15.65333994479971      O
     -133.99415672149533        6.79717344653338      -15.87340739551246      H
     -131.25782445995065        7.79076761163234      -16.01124697334522      H
       58.35294645661747       31.71591067445893       17.12887019579513      O
       56.91864864301711       32.77847661014651       17.52794925950531      H
       57.70037169576270       30.14539347234691       16.50080117875596      H
       74.53632379615162      -39.87881020787397        1.13578494962281      O
       74.96666086491224      -39.72003375836648       -0.62223541860158      H
       75.94998323860163      -40.66801932142259        1.95703380071184      H
$end
