$coord
      -11.81288009738545        0.36399872188484       -0.51052894454834      O
      -13.66967787245198        0.56761091172133       -0.87247209882058      H
      -11.36552646399421       -1.07936955114346       -1.67544340009555      H
        7.92964776238001        9.74020878735856        2.02764397414401      O
        9.55598684613746        8.97822712243639        2.06140651503406      H
        6.80014969549603        8.78032950730591        3.04849664487479      H
        3.93005131419797       -9.88048388062446        1.01977040827849      O
        3.39794885318471      -10.69308152662912        2.57198519342367      H
        3.63205539492661      -10.97800978187695       -0.46424649066139      H
$end
