$coord
      -86.11187808139512        4.42076781304774      -10.00738138786338      O
      -84.57796207649537        4.45780128920757      -11.10616246042955      H
      -87.05326451251574        5.89533122330580      -10.46108488543623      H
       40.81559029646449       28.01148568527078       11.85087131362394      O
       41.34717844138231       29.68942951686063       11.27281902786209      H
       40.36613721735541       28.22474003022902       13.58219411443747      H
       45.26572897342800      -32.65927913009862        0.59144370805711      O
       45.52269609188141      -31.61533742311519        2.05758754680642      H
       43.98414989683552      -33.86453802015873        0.95554121593901      H
$end
